# d_v
0.000000000000000000e+00
6.487933090025362048e+01
1.291679369910860942e+02
1.928589834631140718e+02
2.559462012393980785e+02
3.184238848778408055e+02
3.802868887779147258e+02
4.415306217883800741e+02
5.021510403173293184e+02
5.621446400493788360e+02
6.215084463772976733e+02
6.802400036567669304e+02
7.383373633934255622e+02
7.957990714709447957e+02
8.526241545275909175e+02
9.088121055867831046e+02
9.643628690444631957e+02
1.019276825112901747e+03
1.073554773816797251e+03
1.127197918633398558e+03
1.180207849863881620e+03
1.232586527818417835e+03
1.284336265892442725e+03
1.335459713606468313e+03
1.385959839676644151e+03
1.435839915178009051e+03
1.485103496857204618e+03
1.533754410646283532e+03
1.581796735424216649e+03
1.629234787067807702e+03
1.676073102829007894e+03
1.722316426071068008e+03
1.767969691391637070e+03
1.813038010156793007e+03
1.857526656466115810e+03
1.901441053565245056e+03
1.944786760718968935e+03
1.987569460554719853e+03
2.029794946883423108e+03
2.071469113001951882e+03
2.112597940478992768e+03
2.153187488423894138e+03
2.193243883236035344e+03
2.232773308830473070e+03
2.271781997333998788e+03
2.310276220244321848e+03
2.348262280043852115e+03
2.385746502258481542e+03
2.422735227950839089e+03
2.459234806636727626e+03
2.495251589612784301e+03
2.530791923682928882e+03
2.565862145270716155e+03
2.600468574904433353e+03
2.634617512061558955e+03
2.668315230359090037e+03
2.701567973076174894e+03
2.734381948995535822e+03
2.766763328550206097e+03
2.798718240262285235e+03
2.830252767460557152e+03
2.861372945264039572e+03
2.892084757818819980e+03
2.922394135775768063e+03
2.952306953997049732e+03
2.981829029479702967e+03
3.010966119484849969e+03
3.039723919861507966e+03
3.068108063554299406e+03
3.096124119284757398e+03
3.123777590396289725e+03
3.151073913853230806e+03
3.178018459384810285e+03
3.204616528765223393e+03
3.230873355221380280e+03
3.256794102960241162e+03
3.282383866808053881e+03
3.307647671954128782e+03
3.332590473792120065e+03
3.357217157852180662e+03
3.381532539817593261e+03
3.405541365619884346e+03
3.429248311606676452e+03
3.452657984776855756e+03
3.475774923077913172e+03
3.498603595760601365e+03
3.521148403786289236e+03
3.543413680282682435e+03
3.565403691043811705e+03
3.587122635070406432e+03
3.608574645147018146e+03
3.629763788452473364e+03
3.650694067200409336e+03
3.671369419306887721e+03
3.691793719082218558e+03
3.711970777944344263e+03
3.731904345151264351e+03
3.751598108550189863e+03
3.771055695341201954e+03
3.790280672853396482e+03
3.809276549331599654e+03
3.828046774731864389e+03
3.846594741524103028e+03
3.864923785500302074e+03
3.883037186586898315e+03
3.900938169659972118e+03
3.918629905362035061e+03
3.936115510919268672e+03
3.953398050958151998e+03
3.970480538320516644e+03
3.987365934876122992e+03
4.004057152331936322e+03
4.020557053037347032e+03
4.036868450784637389e+03
4.052994111604067257e+03
4.068936754552996263e+03
4.084699052498523088e+03
4.100283632893157119e+03
4.115693078543105003e+03
4.130929928368776018e+03
4.145996678157163842e+03
4.160895781305800483e+03
4.175629649558006349e+03
4.190200653729187252e+03
4.204611124423991896e+03
4.218863352744120675e+03
4.232959590986656622e+03
4.246902053332772084e+03
4.260692916526707450e+03
4.274334320544952789e+03
4.287828369255530561e+03
4.301177131067376649e+03
4.314382639569752428e+03
4.327446894161694217e+03
4.340371860671486502e+03
4.353159471966187084e+03
4.365811628551205104e+03
4.378330199159995573e+03
4.390717021333898629e+03
4.402973901992175342e+03
4.415102617992327396e+03
4.427104916680742463e+03
4.438982516433770797e+03
4.450737107189303060e+03
4.462370350968934872e+03
4.473883882390838153e+03
4.485279309173416550e+03
4.496558212629861373e+03
4.507722148153709895e+03
4.518772645695527899e+03
4.529711210230826509e+03
4.540539322219314272e+03
4.551258438055637271e+03
4.561869990511697324e+03
4.572375389170684684e+03
4.582776020852945294e+03
4.593073250033809927e+03
4.603268419253502543e+03
4.613362849519267002e+03
4.623357840699813096e+03
4.633254671912244703e+03
4.643054601901552815e+03
4.652758869412829881e+03
4.662368693556320977e+03
4.671885274165427290e+03
4.681309792147795633e+03
4.690643409829615848e+03
4.699887271293236154e+03
4.709042502708234679e+03
4.718110212656049043e+03
4.727091492448294957e+03
4.735987416438885703e+03
4.744799042330063457e+03
4.753527411472467975e+03
4.762173549159346294e+03
4.770738464915011718e+03
4.779223152777678479e+03
4.787628591576766667e+03
4.795955745204773848e+03
4.804205562883857056e+03
4.812378979427180639e+03
4.820476915495168214e+03
4.828500277846745121e+03
4.836449959585663237e+03
4.844326840402027301e+03
4.852131786809096411e+03
4.859865652375457103e+03
4.867529277952682605e+03
4.875123491898541943e+03
4.882649110295857099e+03
4.890106937167108299e+03
4.897497764684853792e+03
4.904822373378062366e+03
4.912081532334434996e+03
4.919275999398802014e+03
4.926406521367670393e+03
4.933473834180000267e+03
4.940478663104293446e+03
4.947421722922063054e+03
4.954303718107754321e+03
4.961125343005209288e+03
4.967887282000711821e+03
4.974590209692720236e+03
4.981234791058327573e+03
4.987821681616532260e+03
4.994351527588375575e+03
5.000824966054015931e+03
5.007242625106802734e+03
5.013605124004399840e+03
5.019913073317048656e+03
5.026167075072983607e+03
5.032367722901105481e+03
5.038515602170941747e+03
5.044611290129949339e+03
5.050655356038230821e+03
5.056648361300698525e+03
5.062590859596753035e+03
5.068483397007517851e+03
5.074326512140688465e+03
5.080120736253031282e+03
5.085866593370602459e+03
5.091564600406703903e+03
5.097215267277651037e+03
5.102819097016383239e+03
5.108376585883952430e+03
5.113888223478956206e+03
5.119354492844939159e+03
5.124775870575801491e+03
5.130152826919276777e+03
5.135485825878487958e+03
5.140775325311657070e+03
5.146021777029956866e+03
5.151225626893605295e+03
5.156387314906171923e+03
5.161507275307183590e+03
5.166585936663040229e+03
5.171623721956274494e+03
5.176621048673197947e+03
5.181578328889956538e+03
5.186495969357040849e+03
5.191374371582259300e+03
5.196213931912232511e+03
5.201015041612416098e+03
5.205778086945696487e+03
5.210503449249571531e+03
5.215191505011971458e+03
5.219842625945709187e+03
5.224457179061628267e+03
5.229035526740436580e+03
5.233578026803282228e+03
5.238085032581074302e+03
5.242556892982591307e+03
5.246993952561382685e+03
5.251396551581507083e+03
5.255765026082109216e+03
5.260099707940876215e+03
5.264400924936385309e+03
5.268669000809369209e+03
5.272904255322915560e+03
5.277107004321621389e+03
5.281277559789734369e+03
5.285416229908281821e+03
5.289523319111223827e+03
5.293599128140636822e+03
5.297643954100955852e+03
5.301658090512282797e+03
5.305641827362802360e+03
5.309595451160279481e+03
5.313519244982709097e+03
5.317413488528085509e+03
5.321278458163345022e+03
5.325114426972480942e+03
5.328921664803836393e+03
5.332700438316620421e+03
5.336451011026629203e+03
5.340173643351212377e+03
5.343868592653484484e+03
5.347536113285805186e+03
5.351176456632526424e+03
5.354789871152043816e+03
5.358376602418144103e+03
5.361936893160673208e+03
5.365470983305532172e+03
5.368979110014020989e+03
5.372461507721532143e+03
5.375918408175612058e+03
5.379350040473404988e+03
5.382756631098482103e+03
5.386138403957074843e+03
5.389495580413719836e+03
5.392828379326329014e+03
5.396137017080689475e+03
5.399421707624412193e+03
5.402682662500333208e+03
5.405920090879378222e+03
5.409134199592896948e+03
5.412325193164497250e+03
5.415493273841353584e+03
5.418638641625023411e+03
5.421761494301782477e+03
5.424862027472471709e+03
5.427940434581874797e+03
5.430996906947635580e+03
5.434031633788713407e+03
5.437044802253404669e+03
5.440036597446912310e+03
5.443007202458495158e+03
5.445956798388183415e+03
5.448885564373094894e+03
5.451793677613323780e+03
5.454681313397444683e+03
5.457548645127612872e+03
5.460395844344276156e+03
5.463223080750522968e+03
5.466030522236033903e+03
5.468818334900684931e+03
5.471586683077778616e+03
5.474335729356923366e+03
5.477065634606576168e+03
5.479776557996220617e+03
5.482468657018230260e+03
5.485142087509390876e+03
5.487797003672100800e+03
5.490433558095249282e+03
5.493051901774788348e+03
5.495652184133987248e+03
5.498234553043393134e+03
5.500799154840482515e+03
5.503346134349037129e+03
5.505875634898215139e+03
5.508387798341347661e+03
5.510882765074455165e+03
5.513360674054499214e+03
5.515821662817344077e+03
5.518265867495485509e+03
5.520693422835481215e+03
5.523104462215170315e+03
5.525499117660599040e+03
5.527877519862731788e+03
5.530239798193897514e+03
5.532586080724015119e+03
5.534916494236566905e+03
5.537231164244358297e+03
5.539530215005034734e+03
5.541813769536383916e+03
5.544081949631422503e+03
5.546334875873252713e+03
5.548572667649721552e+03
5.550795443167860867e+03
5.553003319468129121e+03
5.555196412438441257e+03
5.557374836828011212e+03
5.559538706260989784e+03
5.561688133249915154e+03
5.563823229208970588e+03
5.565944104467058423e+03
5.568050868280689429e+03
5.570143628846691172e+03
5.572222493314741769e+03
5.574287567799721728e+03
5.576338957393904820e+03
5.578376766178970684e+03
5.580401097237856447e+03
5.582412052666439195e+03
5.584409733585062895e+03
5.586394240149904363e+03
5.588365671564180957e+03
5.590324126089209130e+03
5.592269701055308360e+03
5.594202492872555013e+03
5.596122597041392510e+03
5.598030108163098703e+03
5.599925119950106819e+03
5.601807725236190890e+03
5.603678015986505670e+03
5.605536083307504668e+03
5.607382017456710855e+03
5.609215907852363671e+03
5.611037843082939617e+03
5.612847910916531873e+03
5.614646198310123509e+03
5.616432791418722445e+03
5.618207775604379094e+03
5.619971235445088496e+03
5.621723254743569669e+03
5.623463916535929457e+03
5.625193303100216326e+03
5.626911495964855931e+03
5.628618575916976624e+03
5.630314623010634023e+03
5.631999716574914601e+03
5.633673935221944703e+03
5.635337356854785867e+03
5.636990058675240107e+03
5.638632117191538782e+03
5.640263608225941425e+03
5.641884606922239072e+03
5.643495187753144819e+03
5.645095424527613432e+03
5.646685390398042728e+03
5.648265157867397647e+03
