# d_a
0.000000000000000000e+00
6.399290881486906812e+01
1.256931411350544465e+02
1.851957250372263388e+02
2.425905920519255972e+02
2.979629312655339390e+02
3.513935135420554730e+02
4.029589887391892375e+02
4.527321584866198236e+02
5.007822268239230539e+02
5.471750307564781224e+02
5.919732525761115767e+02
6.352366156055016972e+02
6.770220648586347352e+02
7.173839339611949981e+02
7.563740995425729352e+02
7.940421241931155691e+02
8.304353889747964104e+02
8.655992163790265295e+02
8.995769845407536422e+02
9.324102334420600755e+02
9.641387637702492839e+02
9.948007290341092812e+02
1.024432721486762830e+03
1.053069852353795795e+03
1.080745826820401135e+03
1.107493014190776648e+03
1.133342513596348454e+03
1.158324215596268914e+03
1.182466859983638415e+03
1.205798090083727629e+03
1.228344503805867134e+03
1.250131701688301746e+03
1.271184332155063885e+03
1.291526134185491173e+03
1.311179977580276500e+03
1.330167900992736122e+03
1.348511147880132967e+03
1.366230200517297135e+03
1.383344812203304627e+03
1.399874037781523157e+03
1.415836262583814232e+03
1.431249229900951605e+03
1.446130067073419468e+03
1.460495310289480130e+03
1.474360928170788156e+03
1.487742344219775305e+03
1.500654458197493341e+03
1.513111666495532972e+03
1.525127881561005097e+03
1.536716550429296603e+03
1.547890672415448762e+03
1.558662816011398263e+03
1.569045135033049291e+03
1.579049384058132546e+03
1.588686933193028153e+03
1.597968782204169429e+03
1.606905574047319305e+03
1.615507607825805508e+03
1.623784851206854455e+03
1.631746952323276446e+03
1.639403251186067791e+03
1.646762790631943517e+03
1.653834326828319490e+03
1.660626339356937478e+03
1.667147040896079488e+03
1.673404386520143589e+03
1.679406082634285895e+03
1.685159595560827256e+03
1.690672159793195988e+03
1.695950785932307099e+03
1.701002268319473387e+03
1.705833192379178854e+03
1.710449941684358464e+03
1.714858704756152747e+03
1.719065481609490917e+03
1.723076090055295481e+03
1.726896171769535613e+03
1.730531198138864511e+03
1.733986475892100543e+03
1.737267152526346763e+03
1.740378221536143656e+03
1.743324527453633891e+03
1.746110770707354050e+03
1.748741512306910863e+03
1.751221178360470276e+03
1.753554064431662255e+03
1.755744339742221428e+03
1.757796051226387590e+03
1.759713127442832274e+03
1.761499382349620646e+03
1.763158518947480616e+03
1.764694132796417307e+03
1.766109715410505714e+03
1.767408657535479279e+03
1.768594252313538846e+03
1.769669698339626848e+03
1.770638102613228739e+03
1.771502483389594772e+03
1.772265772934121060e+03
1.772930820183472406e+03
1.773500393316879581e+03
1.773977182240914317e+03
1.774363800990904110e+03
1.774662790052028413e+03
1.774876618603009092e+03
1.775007686685203453e+03
1.775058327299788516e+03
1.775030808435620656e+03
1.774927335030259883e+03
1.774750050866546417e+03
1.774501040407020810e+03
1.774182330568402449e+03
1.773795892438241708e+03
1.773343642935792559e+03
1.772827446419064927e+03
1.772249116239948535e+03
1.771610416249225182e+03
1.770913062253211365e+03
1.770158723423728816e+03
1.769349023663004346e+03
1.768485542925074242e+03
1.767569818495184791e+03
1.766603346228637065e+03
1.765587581750466597e+03
1.764523941617302853e+03
1.763413804442692935e+03
1.762258511987138263e+03
1.761059370214041110e+03
1.759817650312713340e+03
1.758534589689563290e+03
1.757211392928530358e+03
1.755849232721801172e+03
1.754449250771803918e+03
1.753012558665439883e+03
1.751540238721478545e+03
1.750033344812009545e+03
1.748492903158808758e+03
1.746919913105451769e+03
1.745315347865975127e+03
1.743680155250854568e+03
1.742015258371046912e+03
1.740321556320814352e+03
1.738599924840023277e+03
1.736851216956587223e+03
1.735076263609696980e+03
1.733275874254464952e+03
1.731450837448582206e+03
1.729601921421567340e+03
1.727729874627168556e+03
1.725835426279462808e+03
1.723919286873167039e+03
1.721982148688671941e+03
1.720024686282281436e+03
1.718047556962130557e+03
1.716051401250231947e+03
1.714036843331093451e+03
1.712004491487329005e+03
1.709954938522669636e+03
1.707888762172774022e+03
1.705806525504217234e+03
1.703708777302029603e+03
1.701596052446138174e+03
1.699468872277061109e+03
1.697327744951183149e+03
1.695173165785937726e+03
1.693005617595203830e+03
1.690825571015222522e+03
1.688633484821319826e+03
1.686429806235722026e+03
1.684214971226729176e+03
1.681989404799518070e+03
1.679753521278821609e+03
1.677507724583733989e+03
1.675252408494882502e+03
1.672987956914188999e+03
1.670714744117452028e+03
1.668433134999960657e+03
1.666143485315346425e+03
1.663846141907884203e+03
1.661541442938424325e+03
1.659229718104157882e+03
1.656911288852389816e+03
1.654586468588499656e+03
1.652255562878262481e+03
1.649918869644693132e+03
1.647576679359578520e+03
1.645229275229849236e+03
1.642876933378945068e+03
1.640519923023318370e+03
1.638158506644216232e+03
1.635792940154879943e+03
1.633423473063292931e+03
1.631050348630608141e+03
1.628673804025374920e+03
1.626294070473689544e+03
1.623911373405387621e+03
1.621525932596385928e+03
1.619137962307288944e+03
1.616747671418363097e+03
1.614355263560985577e+03
1.611960937245661398e+03
1.609564885986711715e+03
1.607167298423724787e+03
1.604768358439860094e+03
1.602368245277095411e+03
1.599967133648498702e+03
1.597565193847615319e+03
1.595162591855042365e+03
1.592759489442275026e+03
1.590356044272894451e+03
1.587952410001179032e+03
1.585548736368200252e+03
1.583145169295481082e+03
1.580741850976278329e+03
1.578338919964556680e+03
1.575936511261715623e+03
1.573534756401134246e+03
1.571133783530589199e+03
1.568733717492604228e+03
1.566334679902791777e+03
1.563936789226232804e+03
1.561540160851957808e+03
1.559144907165570203e+03
1.556751137620069130e+03
1.554358958804917165e+03
1.551968474513398860e+03
1.549579785808319002e+03
1.547192991086079928e+03
1.544808186139187228e+03
1.542425464217218178e+03
1.540044916086300873e+03
1.537666630087137264e+03
1.535290692191612607e+03
1.532917186058025209e+03
1.530546193084977176e+03
1.528177792463955029e+03
1.525812061230639529e+03
1.523449074314974951e+03
1.521088904590033508e+03
1.518731622919698793e+03
1.516377298205208945e+03
1.514025997430580901e+03
1.511677785706946224e+03
1.509332726315830996e+03
1.506990880751401846e+03
1.504652308761704262e+03
1.502317068388924554e+03
1.499985216008694124e+03
1.497656806368464231e+03
1.495331892624971715e+03
1.493010526380823876e+03
1.490692757720218651e+03
1.488378635243825101e+03
1.486068206102847398e+03
1.483761516032287318e+03
1.481458609383429348e+03
1.479159529155568634e+03
1.476864317026997242e+03
1.474573013385268268e+03
1.472285657356760566e+03
1.470002286835551331e+03
1.467722938511624534e+03
1.465447647898425430e+03
1.463176449359776825e+03
1.460909376136177343e+03
1.458646460370492605e+03
1.456387733133056145e+03
1.454133224446194845e+03
1.451882963308189801e+03
1.449636977716692854e+03
1.447395294691604704e+03
1.445157940297432106e+03
1.442924939665135980e+03
1.440696317013481803e+03
1.438472095669905684e+03
1.436252298090907288e+03
1.434036945881978909e+03
1.431826059817086389e+03
1.429619659857708484e+03
1.427417765171445126e+03
1.425220394150210495e+03
1.423027564428013420e+03
1.420839292898338499e+03
1.418655595731139783e+03
1.416476488389449969e+03
1.414301985645621016e+03
1.412132101597200062e+03
1.409966849682450629e+03
1.407806242695529818e+03
1.405650292801324667e+03
1.403499011549960642e+03
1.401352409890987246e+03
1.399210498187248277e+03
1.397073286228445340e+03
1.394940783244400791e+03
1.392812997918027804e+03
1.390689938398012600e+03
1.388571612311219496e+03
1.386458026774819018e+03
1.384349188408152486e+03
1.382245103344334211e+03
1.380145777241596534e+03
1.378051215294390886e+03
1.375961422244240794e+03
1.373876402390359090e+03
1.371796159600034116e+03
1.369720697318785824e+03
1.367650018580302685e+03
1.365584126016161008e+03
1.363523021865331884e+03
1.361466707983481456e+03
1.359415185852069044e+03
1.357368456587247238e+03
1.355326520948568032e+03
1.353289379347502518e+03
1.351257031855771629e+03
1.349229478213499988e+03
1.347206717837191945e+03
1.345188749827534593e+03
1.343175572977033198e+03
1.341167185777479745e+03
1.339163586427262999e+03
1.337164772838518502e+03
1.335170742644125312e+03
1.333181493204552453e+03
1.331197021614557571e+03
1.329217324709739842e+03
1.327242399072956232e+03
1.325272241040594508e+03
1.323306846708715284e+03
1.321346211939061504e+03
1.319390332364937649e+03
1.317439203396963421e+03
1.315492820228706023e+03
1.313551177842188054e+03
1.311614271013281041e+03
1.309682094316980965e+03
1.307754642132572599e+03
1.305831908648681974e+03
1.303913887868221991e+03
1.302000573613231154e+03
1.300091959529610904e+03
1.298188039091758355e+03
1.296288805607103086e+03
1.294394252220547060e+03
1.292504371918806555e+03
1.290619157534664964e+03
1.288738601751133729e+03
1.286862697105523466e+03
1.284991435993428468e+03
1.283124810672628428e+03
1.281262813266903095e+03
1.279405435769769838e+03
1.277552670048137088e+03
1.275704507845883654e+03
1.273860940787359823e+03
1.272021960380813198e+03
1.270187558021743371e+03
1.268357724996183151e+03
1.266532452483910902e+03
1.264711731561593524e+03
1.262895553205863962e+03
1.261083908296329810e+03
1.259276787618521894e+03
1.257474181866776462e+03
1.255676081647056208e+03
1.253882477479713543e+03
1.252093359802192026e+03
1.250308718971670487e+03
1.248528545267652134e+03
1.246752828894495906e+03
1.244981559983895750e+03
1.243214728597305793e+03
1.241452324728312533e+03
1.239694338304958592e+03
1.237940759192013957e+03
1.236191577193199919e+03
1.234446782053365268e+03
1.232706363460614966e+03
1.230970311048392887e+03
1.229238614397521133e+03
1.227511263038192965e+03
1.225788246451925261e+03
1.224069554073466861e+03
1.222355175292667354e+03
1.220645099456302887e+03
1.218939315869865823e+03
1.217237813799311880e+03
1.215540582472772940e+03
1.213847611082229832e+03
1.212158888785150339e+03
1.210474404706090581e+03
1.208794147938261631e+03
1.207118107545062912e+03
1.205446272561580599e+03
1.203778631996053946e+03
1.202115174831309332e+03
1.200455890026163843e+03
1.198800766516794511e+03
1.197149793218082777e+03
