# d_c
0.000000000000000000e+00
6.495280244709209683e+01
1.294639353691060819e+02
1.935295326639015059e+02
2.571460275750411597e+02
3.203101511104489987e+02
3.830189297608404786e+02
4.452696825568041277e+02
5.070600175050142298e+02
5.683878274451526522e+02
6.292512853699497555e+02
6.896488392511699885e+02
7.495792064144919777e+02
8.090413675060685819e+02
8.680345600930459113e+02
9.265582719396519451e+02
9.846122339994632284e+02
1.042196413163369471e+03
1.099311004801363651e+03
1.155956425134868368e+03
1.212133303474678087e+03
1.267842474357877791e+03
1.323084969615365480e+03
1.377862010399695919e+03
1.432174999201162109e+03
1.486025511878051475e+03
1.539415289725179719e+03
1.592346231602869466e+03
1.644820386146701821e+03
1.696839944076521306e+03
1.748407230621405006e+03
1.799524698075595325e+03
1.850194918498686548e+03
1.900420576571820675e+03
1.950204462620091817e+03
1.999549465809921685e+03
2.048458567528813546e+03
2.096934834953606696e+03
2.144981414812156345e+03
2.192601527342237659e+03
2.239798460450437233e+03
2.286575564072859834e+03
2.332936244738551068e+03
2.378883960335775100e+03
2.424422215080536716e+03
2.469554554686069878e+03
2.514284561731420126e+03
2.558615851226726136e+03
2.602552066372316858e+03
2.646096874508343717e+03
2.689253963251268942e+03
2.732027036813267387e+03
2.774419812500289027e+03
2.816436017384323350e+03
2.858079385145219931e+03
2.899353653077276249e+03
2.940262559255671476e+03
2.980809839857777206e+03
3.020999226634256502e+03
3.060834444524920855e+03
3.100319209414225043e+03
3.139457226021319912e+03
3.178252185919650856e+03
3.216707765681081128e+03
3.254827625139597330e+03
3.292615405769757217e+03
3.330074729175085849e+03
3.367209195681743040e+03
3.404022383032870948e+03
3.440517845179153937e+03
3.476699111161229212e+03
3.512569684079712260e+03
3.548133040148692089e+03
3.583392627828730383e+03
3.618351867035481973e+03
3.653014148420168112e+03
3.687382832718331883e+03
3.721461250163349632e+03
3.755252699961336020e+03
3.788760449824239913e+03
3.821987735557963333e+03
3.854937760702558080e+03
3.887613696221603732e+03
3.920018680238009892e+03
3.952155817813618341e+03
3.984028180770069866e+03
4.015638807548506520e+03
4.046990703105820103e+03
4.078086838845219063e+03
4.108930152579013338e+03
4.139523548521608063e+03
4.169869897310792112e+03
4.199972036055472927e+03
4.229832768408161428e+03
4.259454864660505336e+03
4.288841061860331138e+03
4.317994063948689472e+03
4.346916541915476955e+03
4.375611133972298376e+03
4.404080445741290532e+03
4.432327050458680787e+03
4.460353489191951667e+03
4.488162271069513736e+03
4.515755873521850845e+03
4.543136742533192773e+03
4.570307292902748486e+03
4.597269908514676899e+03
4.624026942615949338e+03
4.650580718101326056e+03
4.676933527804734695e+03
4.703087634796347629e+03
4.729045272684710653e+03
4.754808645923318181e+03
4.780379930121061079e+03
4.805761272355997789e+03
4.830954791491951255e+03
4.855962578497459617e+03
4.880786696766615023e+03
4.905429182441395824e+03
4.929892044735084710e+03
4.954177266256411713e+03
4.978286803334083743e+03
5.002222586341373244e+03
5.025986520020472199e+03
5.049580483806334087e+03
5.073006332149745504e+03
5.096265894839381872e+03
5.119360977322637154e+03
5.142293361025000195e+03
5.165064803667813067e+03
5.187677039584212253e+03
5.210131780033092582e+03
5.232430713510967507e+03
5.254575506061552915e+03
5.276567801582973516e+03
5.298409222132472678e+03
5.320101368228509273e+03
5.341645819150160605e+03
5.363044133233736829e+03
5.384297848166533186e+03
5.405408481277649116e+03
5.426377529825810598e+03
5.447206471284148392e+03
5.467896763621873106e+03
5.488449845582816124e+03
5.508867136960787320e+03
5.529150038871743163e+03
5.549299934022706111e+03
5.569318186977446203e+03
5.589206144418890290e+03
5.608965135408254355e+03
5.628596471640890741e+03
5.648101447698843913e+03
5.667481341300117492e+03
5.686737413544652554e+03
5.705870909157020833e+03
5.724883056725851930e+03
5.743775068939989069e+03
5.762548142821397050e+03
5.781203459954839673e+03
5.799742186714338459e+03
5.818165474486430867e+03
5.836474459890253456e+03
5.854670264994475474e+03
5.872753997531093773e+03
5.890726751106133634e+03
5.908589605407260933e+03
5.926343626408354794e+03
5.943989866571046150e+03
5.961529365043276812e+03
5.978963147854888120e+03
5.996292228110281940e+03
6.013517606178181268e+03
6.030640269878523213e+03
6.047661194666525262e+03
6.064581343813934836e+03
6.081401668587524910e+03
6.098123108424855673e+03
6.114746591107321365e+03
6.131273032930553200e+03
6.147703338872169297e+03
6.164038402756946198e+03
6.180279107419413776e+03
6.196426324863931768e+03
6.212480916422267001e+03
6.228443732908716811e+03
6.244315614772802292e+03
6.260097392249575933e+03
6.275789885507570034e+03
6.291393904794425907e+03
6.306910250580232969e+03
6.322339713698610467e+03
6.337683075485576410e+03
6.352941107916219153e+03
6.368114573739215302e+03
6.383204226609231227e+03
6.398210811217227274e+03
6.413135063418706522e+03
6.427977710359936282e+03
6.442739470602176880e+03
6.457421054243942308e+03
6.472023163041330008e+03
6.486546490526447087e+03
6.500991722123966611e+03
6.515359535265833074e+03
6.529650599504162528e+03
6.543865576622359185e+03
6.558005120744461237e+03
6.572069878442775007e+03
6.586060488843806525e+03
6.599977583732512358e+03
6.613821787654910622e+03
6.627593718019076732e+03
6.641293985194543893e+03
6.654923192610131991e+03
6.668481936850251259e+03
6.681970807749674350e+03
6.695390388486825941e+03
6.708741255675615321e+03
6.722023979455809240e+03
6.735239123582004140e+03
6.748387245511194124e+03
6.761468896488977407e+03
6.774484621634402174e+03
6.787434960023500935e+03
6.800320444771512484e+03
6.813141603113820565e+03
6.825898956485643794e+03
6.838593020600473210e+03
6.851224305527295655e+03
6.863793315766620253e+03
6.876300550325333461e+03
6.888746502790375416e+03
6.901131661401297606e+03
6.913456509121693671e+03
6.925721523709522444e+03
6.937927177786355969e+03
6.950073938905562500e+03
6.962162269619436302e+03
6.974192627545303367e+03
6.986165465430613949e+03
6.998081231217040113e+03
7.009940368103589208e+03
7.021743314608764194e+03
7.033490504631772637e+03
7.045182367512803467e+03
7.056819328092392425e+03
7.068401806769889845e+03
7.079930219561036211e+03
7.091404978154677337e+03
7.102826489968615533e+03
7.114195158204624931e+03
7.125511381902643734e+03
7.136775555994141541e+03
7.147988071354697240e+03
7.159149314855785633e+03
7.170259669415798271e+03
7.181319514050286671e+03
7.192329223921475204e+03
7.203289170387035483e+03
7.214199721048126776e+03
7.225061239796734299e+03
7.235874086862309014e+03
7.246638618857714391e+03
7.257355188824492870e+03
7.268024146277482032e+03
7.278645837248758653e+03
7.289220604330946117e+03
7.299748786719896998e+03
7.310230720256735367e+03
7.320666737469298823e+03
7.331057167612977537e+03
7.341402336710955751e+03
7.351702567593867570e+03
7.361958179938890680e+03
7.372169490308266177e+03
7.382336812187262694e+03
7.392460456021601203e+03
7.402540729254336838e+03
7.412577936362217770e+03
7.422572378891514745e+03
7.432524355493347684e+03
7.442434161958509321e+03
7.452302091251785896e+03
7.462128433545794906e+03
7.471913476254348097e+03
7.481657504065335161e+03
7.491360798973145393e+03
7.501023640310637347e+03
7.510646304780651008e+03
7.520229066487086129e+03
7.529772196965538569e+03
7.539275965213510972e+03
7.548740637720204177e+03
7.558166478495889351e+03
7.567553749100874484e+03
7.576902708674070709e+03
7.586213613961158444e+03
7.595486719342369724e+03
7.604722276859881276e+03
7.613920536244839241e+03
7.623081744944002821e+03
7.632206148146029591e+03
7.641293988807397909e+03
7.650345507677978276e+03
7.659360943326252709e+03
7.668340532164190336e+03
7.677284508471793743e+03
7.686193104421300632e+03
7.695066550101067151e+03
7.703905073539124714e+03
7.712708900726422144e+03
7.721478255639751296e+03
7.730213360264371659e+03
7.738914434616323888e+03
7.747581696764451408e+03
7.756215362852129147e+03
7.764815647118692141e+03
7.773382761920596749e+03
7.781916917752288100e+03
7.790418323266791958e+03
7.798887185296043754e+03
7.807323708870942937e+03
7.815728097241139949e+03
7.824100551894573982e+03
7.832441272576746087e+03
7.840750457309743069e+03
7.849028302411014010e+03
7.857275002511900311e+03
7.865490750575927450e+03
7.873675737916855724e+03
7.881830154216501796e+03
7.889954187542326508e+03
7.898048024364796220e+03
7.906111849574523148e+03
7.914145846499182881e+03
7.922150196920217240e+03
7.930125081089319792e+03
7.938070677744714885e+03
7.945987164127229335e+03
7.953874715996153100e+03
7.961733507644908968e+03
7.969563711916514876e+03
7.977365500218854322e+03
7.985139042539755792e+03
7.992884507461877547e+03
8.000602062177411426e+03
8.008291872502595652e+03
8.015954102892052106e+03
8.023588916452938065e+03
8.031196474958927865e+03
8.038776938864016302e+03
8.046330467316151044e+03
8.053857218170700435e+03
8.061357348003743937e+03
8.068831012125214329e+03
8.076278364591861646e+03
8.083699558220067956e+03
8.091094744598505713e+03
8.098464074100629659e+03
8.105807695897029589e+03
8.113125757967623031e+03
8.120418407113704234e+03
8.127685788969844907e+03
8.134928048015651257e+03
8.142145327587376414e+03
8.149337769889394622e+03
8.156505516005537174e+03
8.163648705910291937e+03
8.170767478479867350e+03
8.177861971503120913e+03
8.184932321692364894e+03
8.191978664694034705e+03
8.199001135099231760e+03
8.205999866454145376e+03
8.212974991270350074e+03
8.219926641034971908e+03
8.226854946220744750e+03
8.233760036295945611e+03
8.240642039734209902e+03
8.247501084024232114e+03
8.254337295679353701e+03
8.261150800247038205e+03
8.267941722318235406e+03
8.274710185536636345e+03
8.281456312607821019e+03
8.288180225308296940e+03
8.294882044494435831e+03
8.301561890111306639e+03
8.308219881201403041e+03
8.314856135913274557e+03
8.321470771510057602e+03
8.328063904377902873e+03
8.334635650034313585e+03
8.341186123136385504e+03
8.347715437488945099e+03
8.354223706052613124e+03
8.360711040951757241e+03
8.367177553482360963e+03
8.373623354119808937e+03
8.380048552526579442e+03
