# da
0.000000000000000000e+00
7.575875991089077388e+01
1.478884864318747248e+02
2.165890526478200684e+02
2.820461979804815655e+02
3.444328164701423134e+02
4.039101026741630562e+02
4.606285730814142312e+02
5.147289784592709339e+02
5.663431204455423540e+02
6.155945839081373379e+02
6.625993950687523011e+02
7.074666140810090837e+02
7.502988696332860172e+02
7.911928421831423748e+02
8.302397015997229346e+02
8.675255042729570505e+02
9.031315541269945015e+02
9.371347314362405996e+02
9.696077928737651064e+02
1.000619645813857574e+03
1.030235599554703867e+03
1.058517595816370431e+03
1.085524420597507060e+03
1.111311899236142835e+03
1.135933076311259811e+03
1.159438381838628402e+03
1.181875785053394793e+03
1.203290936930309272e+03
1.223727302467765412e+03
1.243226283651906442e+03
1.261827333920068213e+03
1.279568064857200852e+03
1.296484345783157323e+03
1.312610396821791255e+03
1.327978875983406169e+03
1.342620960739534439e+03
1.356566424522266743e+03
1.369843708538889359e+03
1.382479989255641385e+03
1.394501241871509137e+03
1.405932300073674696e+03
1.416796912340016888e+03
1.427117795030650086e+03
1.436916682489526693e+03
1.446214374358312170e+03
1.455030780287856942e+03
1.463384962217397515e+03
1.471295174377941294e+03
1.478778901163927003e+03
1.485852893006096110e+03
1.492533200368409780e+03
1.498835205982668185e+03
1.504773655426173491e+03
1.510362686140188771e+03
1.515615854980032282e+03
1.520546164381358722e+03
1.525166087221371754e+03
1.529487590448457468e+03
1.533522157548834230e+03
1.537280809914389465e+03
1.540774127171734335e+03
1.544012266528713326e+03
1.547004981191124898e+03
1.549761637899148354e+03
1.552291233629968701e+03
1.554602411510316415e+03
1.556703475980044686e+03
1.558602407245447239e+03
1.560306875058804053e+03
1.561824251858517982e+03
1.563161625302287121e+03
1.564325810223894450e+03
1.565323360042540799e+03
1.566160577651993663e+03
1.566843525815373141e+03
1.567378037089967393e+03
1.567769723305159005e+03
1.568023984615304016e+03
1.568146018148250050e+03
1.568140826269069066e+03
1.568013224477561835e+03
1.567767848957127853e+03
1.567409163791648780e+03
1.566941467866215362e+03
1.566368901466674288e+03
1.565695452592232641e+03
1.564924962994608222e+03
1.564061133956556887e+03
1.563107531821929115e+03
1.562067593288833223e+03
1.560944630476861676e+03
1.559741835778829909e+03
1.558462286506934788e+03
1.557108949342755523e+03
1.555684684600056698e+03
1.554192250308917437e+03
1.552634306129284596e+03
1.551013417101663208e+03
1.549332057242275823e+03
1.547592612989676127e+03
1.545797386509449325e+03
1.543948598863338248e+03
1.542048393048809430e+03
1.540098836914790581e+03
1.538101925959053005e+03
1.536059586012431055e+03
1.533973675814843091e+03
1.531845989487834686e+03
1.529678258908155613e+03
1.527472155986646158e+03
1.525229294856546630e+03
1.522951233211993213e+03
1.520639477330344334e+03
1.518295479576594062e+03
1.515920643177610145e+03
1.513516323295800021e+03
1.511083828749818167e+03
1.508624423668501549e+03
1.506139329080841435e+03
1.503629724444685962e+03
1.501096749116713227e+03
1.498541503766150072e+03
1.495965051734539657e+03
1.493368420343813568e+03
1.490752602154796705e+03
1.488118556178171048e+03
1.485467209039858744e+03
1.482799456102680324e+03
1.480116162546063379e+03
1.477418164405515199e+03
1.474706269573469854e+03
1.471981258763081996e+03
1.469243886436444200e+03
1.466494881698655490e+03
1.463734949159110101e+03
1.460964769761294747e+03
1.458185001582356563e+03
1.455396280603637933e+03
1.452599221453301197e+03
1.449794418122162142e+03
1.446982444653770472e+03
1.444163855809739061e+03
1.441339187711286513e+03
1.438508958457917743e+03
1.435673668724122990e+03
1.432833802334934944e+03
1.429989826821173438e+03
1.427142193955131461e+03
1.424291340267466467e+03
