# f_ap
0.000000000000000000e+00
2.029482220207904156e-02
4.078305671082788075e-02
6.147421670546244360e-02
8.237758209015745570e-02
1.035021853497287841e-01
1.248567992758952694e-01
1.464499265182946375e-01
1.682897909015045046e-01
1.903843304381932500e-01
2.127411919591998546e-01
2.353677272737857429e-01
2.582709907674661798e-01
2.814577383406079991e-01
3.049344275882799327e-01
3.287072191205258065e-01
3.527819789221813829e-01
3.771642816523975705e-01
4.018594147860687915e-01
4.268723835022000257e-01
4.522079162277913289e-01
4.778704707499019655e-01
5.038642408130804551e-01
5.301931631241842968e-01
5.568609246916679245e-01
5.838709704315936388e-01
6.112265109778410865e-01
6.389305306391690475e-01
6.669857954509103015e-01
6.953948612740180613e-01
7.241600818989928356e-01
7.532836171167828221e-01
7.827674407231239861e-01
8.126133484268500684e-01
8.428229656365876510e-01
8.733977551037772624e-01
9.043390244033231440e-01
9.356479332361680168e-01
9.673255005409139295e-01
9.993726114041286968e-01
1.031790023761268493e+00
1.064578374882224399e+00
1.097738187637350871e+00
1.131269876541459718e+00
1.165173753574746618e+00
1.199450033780871339e+00
1.234098840643546247e+00
1.269120211243928154e+00
1.304514101201979637e+00
1.340280389405612338e+00
1.376418882532057353e+00
1.412929319366376779e+00
1.449811374922425733e+00
1.487064664371892109e+00
1.524688746787278726e+00
1.562683128704852376e+00
1.601047267513734162e+00
1.639780574677343283e+00
1.678882418793445908e+00
1.718352128499033959e+00
1.758188995226223073e+00
1.798392275815302810e+00
1.838961194990914150e+00
1.879894947707291042e+00
1.921192701368305000e+00
1.962853597927949778e+00
2.004876755876720651e+00
2.047261272119190956e+00
2.090006223747902681e+00
2.133110669718548458e+00
2.176573652431204042e+00
2.220394199222226916e+00
2.264571323771216171e+00
2.309104027427329342e+00
2.353991300458979197e+00
2.399232123230843783e+00
2.444825467311909417e+00
2.490770296518118876e+00
2.537065567893034501e+00
2.583710232629764736e+00
2.630703236937261824e+00
2.678043522853933212e+00
2.725730029011414146e+00
2.773761691351123382e+00
2.822137443796207901e+00
2.870856218881257860e+00
2.919916948342125895e+00
2.969318563667993960e+00
3.019059996617808661e+00
3.069140179703004012e+00
3.119558046638448712e+00
3.170312532763301050e+00
3.221402575433512716e+00
3.272827114387566017e+00
3.324585092086925098e+00
3.376675454032644019e+00
3.429097149059479932e+00
3.481849129608803661e+00
3.534930351981499186e+00
3.588339776571998208e+00
3.642076368084560922e+00
3.696139095732792867e+00
3.750526933423385945e+00
3.805238859925011763e+00
3.860273859023190646e+00
3.915630919662035136e+00
3.971309036073537246e+00
4.027307207895233887e+00
4.083624440276868661e+00
4.140259743976753448e+00
4.197212135448395998e+00
4.254480636918049896e+00
4.312064274292962018e+00
4.369962085692434606e+00
4.428173109042988109e+00
4.486696390272627788e+00
4.545530981351110889e+00
4.604675940323343042e+00
4.664130331336864721e+00
4.723893224663872736e+00
4.783963696718131153e+00
4.844340830067038084e+00
4.905023713439236488e+00
4.966011441727991915e+00
5.027303115990648053e+00
5.088897843444440738e+00
5.150794737458849859e+00
5.212992917544797322e+00
5.275491509340857199e+00
5.338289644596699191e+00
5.401386461153972363e+00
5.464781102924781031e+00
5.528472719867979279e+00
5.592460467963365822e+00
5.656743509184031460e+00
5.721321011466905304e+00
5.786192148681722713e+00
5.851356100598447796e+00
5.916812052853413384e+00
5.982559196914096766e+00
6.048596730042842928e+00
6.114923855259466023e+00
6.181539781302954673e+00
6.248443722592260663e+00
6.315634899186354900e+00
6.383112536743545284e+00
6.450875866480165755e+00
6.518924125128746638e+00
6.587256554895642324e+00
6.655872403418265471e+00
