# sigma_8
9.280053404022196029e-01
9.184249307234200188e-01
9.089130905221959322e-01
8.994744191141451628e-01
8.901131491469499446e-01
8.808331982519296277e-01
8.716380895622144465e-01
8.625310780692410084e-01
8.535150643882930543e-01
8.445926637824580085e-01
8.357662031014765347e-01
8.270377439012742693e-01
8.184090561200626501e-01
8.098816954019011360e-01
8.014569508358234673e-01
7.931358970963668931e-01
7.849194087927381380e-01
7.768081476540097396e-01
7.688026044954013871e-01
7.609030811190160559e-01
7.531097124356659345e-01
7.454225090030441869e-01
7.378413180227669788e-01
7.303658583962835404e-01
7.229957538504285797e-01
7.157304668962364280e-01
7.085694158901031381e-01
7.015118887718608809e-01
6.945571083974065862e-01
6.877042066269840603e-01
6.809522610970365486e-01
6.743002791739682866e-01
6.677472216657349691e-01
6.612919811199380327e-01
6.549334307286942547e-01
6.486703861894306256e-01
6.425016488025286909e-01
6.364259708149577754e-01
6.304421026586206622e-01
6.245487555058258922e-01
6.187446416297381901e-01
6.130284426965738609e-01
6.073988577188791371e-01
6.018545402576093162e-01
5.963941808851730420e-01
5.910164456286755019e-01
5.857200049057014191e-01
5.805035347419346126e-01
5.753657220657795168e-01
5.703052464626731100e-01
5.653208099793913810e-01
5.604111075326119185e-01
5.555748820037651470e-01
5.508108368635643570e-01
5.461177207453981053e-01
5.414942900196927367e-01
5.369393186201878443e-01
5.324515959287451361e-01
5.280299119453242263e-01
5.236730954999705423e-01
5.193799787891356656e-01
5.151494056834285962e-01
5.109802572207461369e-01
5.068714177473945259e-01
5.028217969782795560e-01
4.988303122360368547e-01
4.948959108246273053e-01
4.910175470651940155e-01
4.871942036038010015e-01
4.834248781746998680e-01
4.797085804772358020e-01
4.760443442091699118e-01
4.724312156808078700e-01
4.688682723812504505e-01
4.653546007343005719e-01
4.618892944724354299e-01
4.584714826547049427e-01
4.551002893945746419e-01
4.517748844983892620e-01
4.484944321363389941e-01
4.452581207074126635e-01
4.420651509503129017e-01
4.389147449600330209e-01
4.358061363931913235e-01
4.327385764943620372e-01
4.297113307381275060e-01
4.267236795692374574e-01
4.237749181782577423e-01
4.208643545351348214e-01
4.179913113539990843e-01
4.151551298387402555e-01
4.123551592510882879e-01
4.095907605005761898e-01
4.068613102744216836e-01
4.041662056918049473e-01
4.015048423718029502e-01
3.988766367468238316e-01
3.962810198960502461e-01
3.937174273562723537e-01
3.911853040301943030e-01
3.886841149052465694e-01
3.862133363576329415e-01
3.837724454430901377e-01
3.813609391359703560e-01
3.789783206623025813e-01
3.766241020939409267e-01
3.742978163461387897e-01
3.719989856380607196e-01
3.697271603123726824e-01
3.674818898976221493e-01
3.652627357196423508e-01
3.630692680398479033e-01
3.609010697824449609e-01
3.587577268166174393e-01
3.566388307466385466e-01
3.545439956512817514e-01
3.524728243712319520e-01
3.504249369366834177e-01
3.483999690945471239e-01
3.463975402004518811e-01
3.444173060647565121e-01
3.424589097380258962e-01
3.405220101513121711e-01
3.386062645193205767e-01
3.367113509008664018e-01
3.348369333261274616e-01
3.329827022051049523e-01
3.311483485436840790e-01
3.293335595593187559e-01
3.275380365178204300e-01
3.257614867741854825e-01
3.240036229123461342e-01
3.222641616938881071e-01
3.205428213494428968e-01
3.188393380165439606e-01
3.171534366666101667e-01
3.154848594996627620e-01
3.138333523859995200e-01
3.121986572661140658e-01
3.105805272146914819e-01
3.089787279146137267e-01
3.073930070495197175e-01
3.058231411469842786e-01
3.042689008112220983e-01
3.027300543008198397e-01
3.012063874014069831e-01
2.996976774368003138e-01
2.982037124733422639e-01
2.967242866003535484e-01
2.952591906377380893e-01
