# firecrown_data
-3.691004981926682786e-11
1.872711136320334091e-10
2.953560274951181345e-11
1.082465894762121985e-10
8.950554696183208143e-11
6.305565335322371645e-11
-3.691004981926682786e-11
1.872711136320334091e-10
2.953560274951181345e-11
1.082465894762121985e-10
8.950554696183208143e-11
6.305565335322371645e-11
8.148340909429734788e-10
5.762474772454300305e-10
4.573185120802172853e-10
2.625538815121153223e-10
1.819848599902079544e-10
7.350165954718103450e-11
1.552298581233503504e-09
1.180652950432628242e-09
7.262570583940369741e-10
5.249076249071510108e-10
4.372664804752397314e-10
3.008590672342401203e-10
8.148340909429734788e-10
5.762474772454300305e-10
4.573185120802172853e-10
2.625538815121153223e-10
1.819848599902079544e-10
7.350165954718103450e-11
8.148340909429734788e-10
5.762474772454300305e-10
4.573185120802172853e-10
2.625538815121153223e-10
1.819848599902079544e-10
7.350165954718103450e-11
1.552298581233503504e-09
1.180652950432628242e-09
7.262570583940369741e-10
5.249076249071510108e-10
4.372664804752397314e-10
3.008590672342401203e-10
1.552298581233503504e-09
1.180652950432628242e-09
7.262570583940369741e-10
5.249076249071510108e-10
4.372664804752397314e-10
3.008590672342401203e-10
1.552298581233503504e-09
1.180652950432628242e-09
7.262570583940369741e-10
5.249076249071510108e-10
4.372664804752397314e-10
3.008590672342401203e-10
1.825660058373770711e-09
2.023907755121924273e-09
1.159192850260649454e-09
8.475246432666825217e-10
4.999080335181105003e-10
3.939651749802754106e-10
