# d_m
0.000000000000000000e+00
5.745713818530204975e+01
1.145213654687405409e+02
1.711892891651903312e+02
2.274577836807042672e+02
2.833239889739998603e+02
3.387853083958395928e+02
3.938394059416035589e+02
4.484842029537312555e+02
5.027178743116334658e+02
5.565388441473639887e+02
6.099457811256513651e+02
6.629375933269494681e+02
7.155134227719571527e+02
7.676726396255546661e+02
8.194148361174508182e+02
8.707398202158910863e+02
9.216476090897558606e+02
9.721384223930888311e+02
1.022212675404788570e+03
1.071870972054703088e+03
1.121114097865792928e+03
1.169943012840454003e+03
1.218358844317354396e+03
1.266362879823509275e+03
1.313956559944527498e+03
1.361141471234311211e+03
1.407919339183745706e+03
1.454292021266263646e+03
1.500261500076507900e+03
1.545829876576738798e+03
1.590999363464090266e+03
1.635772278670261130e+03
1.680151039003854748e+03
1.724138153944195437e+03
1.767736219594169597e+03
1.810947912798441848e+03
1.853775985432246671e+03
1.896223258864908075e+03
1.938292618601231652e+03
1.979987009103005903e+03
2.021309428792025756e+03
2.062262925235230341e+03
2.102850590511880910e+03
2.143075556762045380e+03
2.182940991915077575e+03
2.222450095596247593e+03
2.261606095209239356e+03
2.300412242191794576e+03
2.338871808441447229e+03
2.376988082907938860e+03
2.414764368348691278e+03
2.452203978243434904e+03
2.489310233863921894e+03
2.526086461494498053e+03
2.562535989799182516e+03
2.598662147330796870e+03
2.634468260177652155e+03
2.669957649743200363e+03
2.705133630654114768e+03
2.739999508792194774e+03
2.774558579445526448e+03
2.808814125574402169e+03
2.842769416187490606e+03
2.876427704823840486e+03
2.909792228136371250e+03
2.942866204572578226e+03
2.975652833148264108e+03
3.008155292310201276e+03
3.040376738883738653e+03
3.072320307101465914e+03
3.103989107709158361e+03
3.135386227145316752e+03
3.166514726790769600e+03
3.197377642284885951e+03
3.227977982905053068e+03
3.258318731006242160e+03
3.288402841517536672e+03
3.318233241492639081e+03
3.347812829711511313e+03
3.377144476330347516e+03
3.406231022577265776e+03
3.435075280491154444e+03
3.463680032701235177e+03
3.492048032245018021e+03
3.520182002422406185e+03
3.548084636683807730e+03
3.575758598550225543e+03
3.603206521563364731e+03
3.630431009263894339e+03
3.657434635196101226e+03
3.684219942937236283e+03
3.710789446149935429e+03
3.737145628656207919e+03
3.763290944531502646e+03
3.789227818217491404e+03
3.814958644652246221e+03
3.840485789416551597e+03
3.865811588895182467e+03
3.890938350452016948e+03
3.915868352617910659e+03
3.940603845290339450e+03
3.965147049943843285e+03
3.989500159850369982e+03
4.013665340308678424e+03
4.037644728881964056e+03
4.061440435642979537e+03
4.085054543425905649e+03
4.108489108084305371e+03
4.131746158754517637e+03
4.154827698123894152e+03
4.177735702703299467e+03
4.200472123103353624e+03
4.223038884313912604e+03
4.245437885986308174e+03
4.267671002717908777e+03
4.289740084338596716e+03
4.311646956198747830e+03
4.333393419458378958e+03
4.354981251377098488e+03
4.376412205604551673e+03
4.397688012471064212e+03
4.418810379278202163e+03
4.439780990588991699e+03
4.460601508517553157e+03
4.481273573017935632e+03
4.501798802171929310e+03
4.522178792475681803e+03
4.542415119124913872e+03
4.562509336298599010e+03
4.582462977440933173e+03
4.602277555541456422e+03
4.621954563413214601e+03
4.641495473968818260e+03
4.660901740494310616e+03
4.680174796920736298e+03
4.699316058093322681e+03
4.718326920038197386e+03
4.737208760226559207e+03
4.755962937836247875e+03
4.774590794010644458e+03
4.793093652114858742e+03
4.811472817989153555e+03
4.829729580199561497e+03
4.847865210285672219e+03
4.865880963005542071e+03
4.883778076577726097e+03
4.901557772920386924e+03
4.919221257887480533e+03
4.936769721502007087e+03
4.954204338186303175e+03
4.971526266989393662e+03
4.988736651811379488e+03
5.005836621624879626e+03
5.022827290693518080e+03
5.039709758787468672e+03
5.056485111396072170e+03
5.073154419937522107e+03
5.089718741965645677e+03
5.106179121373790622e+03
5.122536588595835383e+03
5.138792160804331616e+03
5.154946842105818178e+03
5.171001623733309316e+03
5.186957484235987067e+03
5.202815389666128794e+03
5.218576293763273497e+03
5.234241138135678739e+03
5.249810852439071823e+03
5.265286354552737976e+03
5.280668550752961892e+03
5.295958335883861764e+03
5.311156593525632161e+03
5.326264196160236679e+03
5.341282005334577661e+03
5.356210871821161163e+03
5.371051635776304465e+03
5.385805126895909780e+03
5.400472164568827793e+03
5.415053558027856525e+03
5.429550106498386413e+03
5.443962599344750743e+03
5.458291816214282335e+03
5.472538527179128323e+03
5.486703492875843040e+03
5.500787464642801751e+03
5.514791184655451616e+03
5.528715386059438060e+03
5.542560793101640229e+03
5.556328121259141881e+03
5.570018077366166835e+03
5.583631359739008985e+03
5.597168658298999617e+03
5.610630654693515680e+03
5.624018022415081759e+03
5.637331426918591205e+03
5.650571525736660078e+03
5.663738968593162099e+03
5.676834397514960983e+03
5.689858446941871080e+03
5.702811743834877234e+03
5.715694907782633891e+03
5.728508551106282539e+03
5.741253278962600234e+03
5.753929689445514668e+03
5.766538373686012164e+03
5.779079915950464965e+03
5.791554893737388738e+03
5.803963877872681223e+03
5.816307432603345660e+03
5.828586115689735379e+03
5.840800478496329561e+03
5.852951066081091085e+03
5.865038417283398303e+03
5.877063064810588003e+03
5.889025535323147778e+03
5.900926349518548705e+03
5.912766022213765609e+03
5.924545062426499499e+03
5.936263973455117593e+03
5.947923252957340992e+03
5.959523393027694510e+03
5.971064880273746894e+03
5.982548195891148680e+03
5.993973815737504083e+03
6.005342210405080550e+03
6.016653845292385995e+03
6.027909180674634626e+03
6.039108671773104106e+03
6.050252768823420411e+03
6.061341917142780403e+03
6.072376557196135764e+03
6.083357124661333728e+03
6.094284050493269206e+03
6.105157760987036454e+03
6.115978677840100318e+03
6.126747218213516135e+03
6.137463794792206500e+03
6.148128815844305791e+03
6.158742685279596117e+03
6.169305802707048315e+03
6.179818563491482564e+03
6.190281358809355879e+03
6.200694575703707415e+03
6.211058597138260666e+03
6.221373802050698941e+03
6.231640565405140478e+03
6.241859258243811382e+03
6.252030247737931859e+03
6.262153897237844831e+03
6.272230566322372397e+03
6.282260610847441058e+03
6.292244382993969339e+03
6.302182231315035096e+03
6.312074500782336145e+03
6.321921532831957848e+03
6.331723665409453133e+03
6.341481233014249483e+03
6.351194566743393807e+03
6.360863994334657036e+03
6.370489840208977512e+03
6.380072425512294103e+03
6.389612068156757232e+03
6.399109082861321440e+03
6.408563781191748603e+03
6.417976471600019977e+03
6.427347459463168889e+03
6.436677047121540454e+03
6.445965533916502864e+03
6.455213216227591147e+03
6.464420387509119792e+03
6.473587338326264216e+03
6.482714356390609282e+03
6.491801726595186665e+03
6.500849731049007460e+03
6.509858649111093655e+03
6.518828757424014839e+03
6.527760329946948332e+03
6.536653637988259106e+03
6.545508950237619501e+03
6.554326532797659638e+03
6.563106649215170364e+03
6.571849560511866002e+03
6.580555525214699628e+03
6.589224799385751794e+03
6.597857636651700886e+03
6.606454288232867839e+03
6.615015002971852482e+03
6.623540027361774264e+03
6.632029605574101879e+03
6.640483979486103635e+03
6.648903388707909471e+03
6.657288070609187344e+03
6.665638260345462186e+03
6.673954190884053787e+03
6.682236093029659060e+03
6.690484195449581421e+03
6.698698724698610022e+03
6.706879905243548819e+03
6.715027959487417320e+03
6.723143107793310264e+03
6.731225568507930802e+03
6.739275557984801708e+03
6.747293290607161907e+03
6.755278978810541958e+03
6.763232833105042118e+03
6.771155062097295740e+03
6.779045872512145252e+03
6.786905469214016193e+03
6.794734055228006582e+03
6.802531831760687055e+03
6.810298998220629073e+03
6.818035752238643909e+03
6.825742289687764242e+03
6.833418804702948364e+03
6.841065489700520629e+03
6.848682535397362699e+03
6.856270130829834670e+03
6.863828463372457009e+03
6.871357718756337817e+03
6.878858081087356368e+03
6.886329732864112884e+03
6.893772854995630951e+03
6.901187626818835270e+03
6.908574226115798410e+03
6.915932829130758364e+03
6.923263610586915092e+03
6.930566743703011525e+03
6.937842400209689004e+03
6.945090750365641725e+03
6.952311962973553818e+03
6.959506205395828147e+03
6.966673643570122294e+03
6.973814442024672644e+03
6.980928763893424730e+03
6.988016770930976236e+03
6.995078623527316267e+03
7.002114480722383632e+03
7.009124500220437767e+03
7.016108838404247763e+03
7.023067650349094947e+03
7.030001089836606297e+03
7.036909309368405047e+03
7.043792460179592126e+03
7.050650692252059343e+03
7.057484154327627948e+03
7.064292993921029847e+03
7.071077357332720567e+03
7.077837389661533962e+03
7.084573234817178673e+03
7.091285035532579059e+03
7.097972933376057881e+03
7.104637068763376192e+03
7.111277580969617702e+03
7.117894608140923083e+03
7.124488287306091479e+03
7.131058754388022862e+03
7.137606144215032145e+03
7.144130590532022325e+03
7.150632226011511193e+03
7.157111182264537092e+03
7.163567589851420053e+03
7.170001578292399245e+03
7.176413276078135823e+03
7.182802810680092080e+03
7.189170308560784179e+03
7.195515895183906650e+03
7.201839695024342291e+03
7.208141831578042911e+03
7.214422427371800950e+03
7.220681603972892844e+03
7.226919481998617812e+03
7.233136181125714756e+03
7.239331820099667311e+03
7.245506516743904285e+03
7.251660387968886425e+03
7.257793549781082220e+03
7.263906117291846385e+03
7.269998204726181939e+03
7.276069925431408592e+03
7.282121391885726553e+03
7.288152715706674826e+03
7.294164007659498566e+03
7.300155377665410924e+03
7.306126934809763043e+03
7.312078787350116727e+03
7.318011042724225263e+03
7.323923807557918735e+03
7.329817187672900218e+03
7.335691288094450101e+03
7.341546213059041293e+03
7.347382066021871651e+03
7.353198949664300017e+03
7.358996965901207659e+03
7.364776215888267870e+03
7.370536800029132792e+03
7.376278817982544751e+03
7.382002368669358475e+03
7.387707550279487805e+03
7.393394460278773295e+03
7.399063195415771588e+03
