# mu
-inf
3.382905016591604408e+01
3.535861871147187685e+01
3.626296439523858339e+01
3.691103334193034868e+01
3.741845905969097430e+01
3.783675533298817584e+01
3.819340722853205250e+01
3.850482586540364593e+01
3.878160094262739221e+01
3.903096661035187509e+01
3.925808578543391292e+01
3.946677327320468009e+01
3.965992845331564354e+01
3.983980716324361282e+01
4.000819955807367734e+01
4.016655045501460819e+01
4.031604313304285370e+01
4.045765914649621209e+01
4.059222194778867987e+01
4.072042931006592426e+01
4.084287783313372699e+01
4.096008174514025768e+01
4.107248752308686335e+01
4.118048540091692189e+01
4.128441852818218649e+01
4.138459033258980924e+01
4.148127049342186012e+01
4.157469982911997874e+01
4.166509432776861388e+01
4.175264849489047947e+01
4.183753815290891964e+01
4.191992279675471167e+01
4.199994758757873825e+01
4.207774504939567350e+01
4.215343652032468214e+01
4.222713339990077941e+01
4.229893822597351516e+01
4.236894560845108515e+01
4.243724304219057331e+01
4.250391161738176038e+01
4.256902664260059765e+01
4.263265819314780458e+01
4.269487159521024466e+01
4.275572785468700943e+01
4.281528403813096872e+01
4.287359361211088782e+01
4.293070674634953576e+01
4.298667058520469197e+01
4.304152949140068074e+01
4.309532526536581543e+01
4.314809734306598443e+01
4.319988297483235584e+01
4.325071738734791182e+01
4.330063393067473498e+01
4.334966421196236297e+01
4.339783821727078816e+01
4.344518442276445569e+01
4.349172989638046261e+01
4.353750039094276758e+01
4.358252042957984429e+01
4.362681338420398447e+01
4.367040154772477933e+01
4.371330620059372052e+01
4.375554767221132124e+01
4.379714539767088866e+01
4.383811797026201162e+01
4.387848319011304454e+01
4.391825810931211294e+01
4.395745907381204631e+01
4.399610176239359305e+01
4.403420122293456274e+01
4.407177190620792118e+01
4.410882769741098741e+01
4.414538194560822149e+01
4.418144749125329440e+01
4.421703669194094033e+01
4.425216144652513606e+01
4.428683321772813031e+01
4.432106305335376817e+01
4.435486160620854434e+01
4.438823915282500110e+01
4.442120561107404342e+01
4.445377055674534006e+01
4.448594323916855586e+01
4.451773259594204291e+01
4.454914726683037429e+01
4.458019560688704530e+01
4.461088569885438204e+01
4.464122536488832793e+01
4.467122217765258085e+01
4.470088347082261748e+01
4.473021634903746246e+01
4.475922769733412565e+01
4.478792419009695891e+01
4.481631229955199558e+01
4.484439830383402636e+01
4.487218829465223280e+01
4.489968818457847988e+01
4.492690371398046523e+01
4.495384045762058633e+01
4.498050383093985261e+01
4.500689909604501082e+01
4.503303136741546098e+01
4.505890561734603494e+01
4.508452668114009043e+01
4.510989926206669054e+01
4.513502793609485764e+01
4.515991715641680315e+01
4.518457125777143091e+01
4.520899446057879345e+01
4.523319087489529977e+01
4.525716450419904646e+01
4.528091924901397647e+01
4.530445891038121431e+01
4.532778719318505978e+01
4.535090770934125004e+01
4.537382398085398449e+01
4.539653944274846253e+01
4.541905744588483174e+01
4.544138125965937292e+01
4.546351407459825111e+01
4.548545900484903370e+01
4.550721909057472203e+01
4.552879730025496485e+01
4.555019653289856763e+01
4.557141962017156800e+01
4.559246932844469313e+01
4.561334836076370891e+01
4.563405935874637009e+01
4.565460490440899122e+01
4.567498752192593514e+01
4.569520967932486144e+01
4.571527379012061942e+01
4.573518221489032243e+01
4.575493726279221107e+01
4.577454119303075686e+01
4.579399621627004535e+01
4.581330449599797561e+01
4.583246814984290296e+01
4.585148925084507709e+01
4.587036982868445989e+01
4.588911187086689836e+01
4.590771732387011639e+01
4.592618809425142246e+01
4.594452604971839094e+01
4.596273302016419393e+01
4.598081079866882703e+01
4.599876114246769276e+01
4.601658577388869276e+01
4.603428638125913608e+01
4.605186461978355084e+01
4.606932211239359276e+01
4.608666045057104554e+01
4.610388119514487215e+01
4.612098587706349662e+01
4.613797599814296291e+01
4.615485303179203669e+01
4.617161842371511682e+01
4.618827359259363874e+01
4.620481993074680815e+01
4.622125880477248927e+01
4.623759155616880889e+01
4.625381950193730773e+01
4.626994393516818604e+01
4.628596612560833989e+01
4.630188732021274234e+01
4.631770874367977342e+01
4.633343159897111718e+01
4.634905706781658097e+01
4.636458631120455465e+01
4.638002046985848636e+01
4.639536066469983666e+01
4.641060799729801545e+01
4.642576355030777790e+01
4.644082838789432088e+01
4.645580355614672641e+01
4.647069008347990859e+01
4.648548898102563953e+01
4.650020124301282465e+01
4.651482784713755336e+01
4.652936975492308136e+01
4.654382791207022763e+01
4.655820324879837813e+01
4.657249668017740873e+01
4.658670910645090402e+01
4.660084141335080687e+01
4.661489447240390405e+01
4.662886914123026827e+01
4.664276626383401947e+01
4.665658667088658262e+01
4.667033118000267677e+01
4.668400059600924124e+01
4.669759571120759745e+01
4.671111730562892461e+01
4.672456614728331914e+01
4.673794299240265104e+01
4.675124858567738073e+01
4.676448366048742855e+01
4.677764893912745237e+01
4.679074513302654026e+01
4.680377294296251023e+01
4.681673305927107265e+01
4.682962616204984840e+01
4.684245292135754823e+01
4.685521399740828485e+01
4.686791004076135891e+01
4.688054169250644065e+01
4.689310958444438171e+01
4.690561433926383472e+01
4.691805657071367364e+01
4.693043688377139233e+01
4.694275587480760237e+01
4.695501413174676486e+01
4.696721223422412095e+01
4.697935075373915481e+01
4.699143025380541872e+01
4.700345129009706824e+01
4.701541441059201532e+01
4.702732015571186253e+01
4.703916905845873941e+01
4.705096164454900531e+01
4.706269843254408158e+01
4.707437993397826403e+01
4.708600665348385661e+01
4.709757908891342026e+01
4.710909773145942836e+01
4.712056306577133569e+01
4.713197557007000427e+01
4.714333571625978436e+01
4.715464397003810859e+01
4.716590079100272703e+01
4.717710663275673966e+01
4.718826194301126975e+01
4.719936716368611229e+01
4.721042273100813702e+01
4.722142907560768776e+01
4.723238662261296383e+01
4.724329579174241189e+01
4.725415699739522069e+01
4.726497064873995413e+01
4.727573714980132991e+01
4.728645689954525722e+01
4.729713029196211238e+01
4.730775771614833758e+01
4.731833955638636269e+01
4.732887619222295683e+01
4.733936799854594568e+01
4.734981534565946504e+01
4.736021859935763700e+01
4.737057812099686771e+01
4.738089426756663158e+01
4.739116739175888426e+01
4.740139784203616813e+01
4.741158596269831804e+01
4.742173209394788103e+01
4.743183657195429248e+01
4.744189972891677343e+01
4.745192189312604114e+01
4.746190338902485450e+01
4.747184453726731590e+01
4.748174565477715703e+01
4.749160705480481681e+01
4.750142904698351742e+01
4.751121193738423898e+01
4.752095602856964973e+01
4.753066161964707703e+01
4.754032900632043379e+01
4.754995848094122834e+01
4.755955033255860087e+01
4.756910484696844321e+01
4.757862230676160209e+01
4.758810299137121547e+01
4.759754717711922467e+01
4.760695513726192019e+01
4.761632714203481243e+01
4.762566345869655038e+01
4.763496435157217945e+01
4.764423008209549693e+01
4.765346090885077501e+01
4.766265708761362418e+01
4.767181887139122409e+01
4.768094651046178001e+01
4.769004025241329714e+01
4.769910034218172967e+01
4.770812702208834821e+01
4.771712053187657432e+01
4.772608110874808318e+01
4.773500898739834497e+01
4.774390440005150538e+01
4.775276757649467640e+01
4.776159874411168715e+01
4.777039812791615248e+01
4.777916595058408689e+01
4.778790243248590741e+01
4.779660779171788931e+01
4.780528224413311023e+01
4.781392600337189691e+01
4.782253928089166095e+01
4.783112228599640048e+01
4.783967522586552690e+01
4.784819830558236475e+01
4.785669172816207606e+01
4.786515569457919383e+01
4.787359040379464403e+01
4.788199605278236959e+01
4.789037283655549260e+01
4.789872094819206438e+01
4.790704057886037504e+01
4.791533191784390056e+01
4.792359515256578106e+01
4.793183046861295082e+01
4.794003804975988459e+01
4.794821807799192470e+01
4.795637073352826718e+01
4.796449619484457116e+01
4.797259463869524154e+01
4.798066624013527814e+01
4.798871117254186913e+01
4.799672960763561491e+01
4.800472171550139677e+01
4.801268766460892579e+01
4.802062762183301459e+01
4.802854175247347257e+01
4.803643022027475240e+01
4.804429318744524124e+01
4.805213081467626779e+01
4.805994326116086057e+01
4.806773068461217946e+01
4.807549324128164869e+01
4.808323108597685547e+01
4.809094437207917849e+01
4.809863325156108260e+01
4.810629787500327126e+01
4.811393839161144825e+01
4.812155494923293020e+01
4.812914769437296059e+01
4.813671677221078937e+01
4.814426232661553229e+01
4.815178450016178147e+01
4.815928343414495316e+01
4.816675926859647916e+01
4.817421214229871396e+01
4.818164219279964300e+01
4.818904955642743460e+01
4.819643436830462946e+01
4.820379676236230182e+01
4.821113687135391501e+01
4.821845482686894258e+01
4.822575075934643252e+01
4.823302479808823051e+01
4.824027707127208942e+01
4.824750770596458693e+01
4.825471682813383012e+01
4.826190456266202489e+01
4.826907103335779681e+01
4.827621636296844088e+01
4.828334067319188705e+01
4.829044408468858762e+01
4.829752671709316303e+01
4.830458868902597658e+01
4.831163011810444630e+01
4.831865112095425729e+01
4.832565181322043202e+01
4.833263230957820156e+01
4.833959272374377747e+01
4.834653316848488913e+01
4.835345375563133530e+01
4.836035459608517328e+01
4.836723579983100763e+01
4.837409747594590215e+01
4.838093973260939151e+01
4.838776267711313750e+01
4.839456641587062791e+01
4.840135105442664099e+01
4.840811669746664592e+01
4.841486344882600434e+01
4.842159141149913637e+01
4.842830068764848761e+01
4.843499137861346071e+01
4.844166358491911950e+01
4.844831740628487182e+01
4.845495294163299604e+01
4.846157028909708231e+01
4.846816954603028904e+01
4.847475080901361366e+01
4.848131417386396436e+01
4.848785973564211815e+01
4.849438758866064347e+01
4.850089782649168768e+01
4.850739054197464384e+01
4.851386582722374641e+01
4.852032377363553906e+01
4.852676447189631403e+01
4.853318801198935262e+01
4.853959448320215841e+01
4.854598397413358413e+01
4.855235657270082328e+01
4.855871236614636643e+01
4.856505144104482952e+01
4.857137388330974659e+01
