# d_z
1.000000000000000000e+00
9.896690644132005721e-01
9.794120376132364747e-01
9.692338567495156765e-01
9.591391656051079240e-01
9.491320994471595940e-01
9.392165681322638404e-01
9.293959452157153356e-01
9.196734649276384621e-01
9.100519258836651249e-01
9.005338542699283799e-01
8.911213860656173047e-01
8.818165907370054679e-01
8.726208926745852024e-01
8.635360101902831431e-01
8.545628209639262174e-01
8.457023893231105927e-01
8.369554077662083591e-01
8.283224510550065700e-01
8.198037546178892354e-01
8.113996175213212814e-01
8.031098588307521435e-01
7.949344839696131926e-01
7.868730777640172702e-01
7.789252752868158769e-01
7.710905417029859654e-01
7.633681672360737025e-01
7.557574195520743165e-01
7.482574678620902420e-01
7.408673977547518552e-01
7.335861515922400544e-01
7.264127311930247410e-01
7.193459563795400191e-01
7.123846581993419358e-01
7.055276309857249073e-01
6.987736109762012759e-01
6.921212391412200349e-01
6.855692440555380962e-01
6.791162571390417790e-01
6.727608651935930162e-01
6.665017294954541649e-01
6.603373440003283967e-01
6.542664372188513600e-01
6.482873998704221652e-01
6.423988957015800416e-01
6.365995348847184321e-01
6.308878237658408494e-01
6.252623800966492507e-01
6.197217287759473336e-01
6.142644629501514686e-01
6.088891667774853911e-01
6.035945516806271449e-01
5.983790414991055906e-01
5.932414507204437637e-01
5.881803565172076809e-01
5.831944103651214295e-01
5.782822782855088217e-01
5.734426745360564626e-01
5.686742290678529210e-01
5.639757388384232240e-01
5.593460062655952747e-01
5.547836569069590773e-01
5.502875826150636085e-01
5.458565544606865938e-01
5.414893688449998743e-01
5.371848878133244076e-01
5.329419415344589517e-01
5.287594603361399637e-01
5.246362563501031362e-01
5.205713906765742083e-01
5.165636346303973392e-01
5.126120387581644122e-01
5.087155743668005936e-01
5.048732190516044271e-01
5.010839905710360309e-01
4.973469229484636100e-01
4.936610610190128035e-01
4.900254982218728017e-01
4.864392953273753983e-01
4.829015403342458157e-01
4.794114597062735239e-01
4.759680676945659550e-01
4.725706169008426771e-01
4.692181779189901203e-01
4.659100190470354952e-01
4.626453592217745214e-01
4.594234132322028152e-01
4.562433713846598127e-01
4.531045589995070233e-01
4.500061785024045968e-01
4.469475577322583049e-01
4.439279793862021539e-01
4.409467597436631525e-01
4.380032251821037170e-01
4.350967519123984384e-01
4.322266556236070145e-01
4.293923331403983745e-01
4.265931421495026132e-01
4.238284665339976942e-01
4.210977688969737565e-01
4.184003822347551194e-01
4.157358174212502644e-01
4.131034561165704000e-01
4.105028304384517046e-01
4.079333381446141327e-01
4.053944557910261204e-01
4.028857255760014411e-01
4.004065895338767000e-01
3.979565567261509895e-01
3.955351796894367999e-01
3.931419614737696744e-01
3.907764557480506440e-01
3.884381938930393519e-01
3.861267336607375755e-01
3.838416529672108446e-01
3.815825038818511095e-01
3.793488619449392196e-01
3.771403459258078072e-01
3.749565551679000519e-01
3.727970525263025747e-01
3.706614908332990788e-01
3.685494958577125169e-01
3.664606546062671444e-01
3.643946468776038672e-01
3.623511128665464764e-01
3.603296406967724796e-01
3.583299941359368579e-01
3.563517371821889879e-01
3.543946076315602212e-01
3.524582475599277731e-01
3.505423314677821867e-01
3.486465853229743783e-01
3.467706854417763607e-01
3.449143162362680592e-01
3.430772219487148167e-01
3.412590658424896617e-01
3.394595943426110263e-01
3.376785611877635152e-01
3.359156202821604875e-01
3.341705892983314330e-01
3.324431518582421363e-01
3.307330438873009593e-01
3.290400162642745929e-01
3.273638779558278866e-01
3.257043053937277999e-01
3.240611259327528249e-01
3.224340509098752583e-01
3.208229121572634956e-01
3.192274387807533254e-01
3.176474117180057011e-01
