# f_z
5.127853732225184924e-01
5.249639432655942572e-01
5.369423327911988508e-01
5.487138666639654883e-01
5.602727271507713658e-01
5.716139150839280036e-01
5.827332200421564412e-01
5.936271773787460404e-01
6.042930656313456605e-01
6.147288496650202827e-01
6.249331516197127456e-01
6.349051901168829559e-01
6.446447796347051229e-01
6.541522596516449184e-01
6.634284695238049645e-01
6.724747239112188746e-01
6.812927196779147154e-01
6.898845850528361190e-01
6.982527404413984007e-01
7.063999851624296333e-01
7.143293625626865317e-01
7.220441452802648374e-01
7.295478554286768391e-01
7.368441933176502756e-01
7.439370066694214190e-01
7.508303203829761463e-01
7.575282104811010830e-01
7.640349067677996153e-01
7.703546615695560096e-01
7.764918142442861493e-01
7.824507159517593013e-01
7.882357395184849125e-01
7.938512485196987933e-01
7.993016436391695567e-01
8.045912730555642156e-01
8.097244401726151342e-01
8.147054389744743386e-01
8.195384979127117164e-01
8.242277888837159505e-01
8.287774288739117035e-01
8.331914703885190399e-01
8.374738800993350996e-01
8.416285487379867591e-01
8.456593248537759289e-01
8.495699234282531043e-01
8.533639950884460701e-01
8.570451250217461237e-01
8.606167734436638295e-01
8.640823474164447404e-01
8.674451568643108956e-01
8.707083981418097807e-01
8.738752340298652221e-01
8.769486514463684657e-01
8.799316526151688134e-01
8.828270985801714987e-01
8.856377683207073970e-01
8.883663702659965189e-01
8.910154987233702695e-01
8.935877321509689830e-01
8.960854977196153204e-01
8.985112009776250463e-01
9.008671539676894602e-01
9.031555705661047373e-01
9.053786210749037444e-01
9.075383989201413204e-01
9.096369389621077328e-01
9.116761766832855995e-01
9.136580262260999286e-01
9.155843165071778644e-01
9.174568043380444404e-01
9.192772165464616618e-01
9.210472027932191663e-01
9.227683603366818588e-01
9.244422305599551137e-01
9.260703014612895467e-01
9.276540278066250922e-01
9.291947985989728043e-01
9.306939675421300739e-01
9.321528168127409808e-01
9.335726202022019971e-01
9.349545826641495472e-01
9.362998825361180666e-01
9.376096622217486853e-01
9.388849951805596783e-01
9.401269598922288306e-01
9.413365652991384502e-01
9.425148112243547649e-01
9.436626309653199929e-01
9.447809760010461577e-01
9.458707152790659656e-01
9.469327185373040967e-01
9.479678104913292769e-01
9.489768055564136162e-01
9.499604913692566432e-01
9.509195984315305106e-01
9.518548491969461844e-01
9.527669735857078326e-01
9.536566223502226380e-01
9.545244702021609129e-01
9.553711465960542659e-01
9.561972678705794593e-01
9.570034214455269694e-01
9.577901860469478779e-01
9.585581320357625668e-01
9.593077645964787070e-01
9.600396425101573872e-01
9.607542188899894642e-01
9.614520432983842957e-01
9.621335354288527153e-01
9.627991909419252314e-01
9.634494183783577359e-01
9.640846723882879887e-01
9.647053373496159434e-01
9.653118466657097940e-01
9.659045597990888465e-01
9.664838633586451122e-01
9.670501282507391050e-01
9.676037051347058382e-01
9.681449228927111461e-01
9.686741431126477675e-01
9.691916641953612910e-01
9.696977984287838970e-01
9.701928453671476715e-01
9.706771102651384764e-01
9.711508583146561957e-01
9.716143916225021826e-01
9.720679560008292919e-01
9.725117879426030676e-01
9.729461805305391620e-01
9.733713702796460421e-01
9.737875762495448173e-01
9.741950324168495712e-01
9.745939589309055018e-01
9.749845944912503004e-01
9.753671021881076264e-01
9.757417446504790259e-01
9.761086647446015618e-01
9.764680786115904620e-01
9.768201736338563146e-01
9.771651330338136932e-01
9.775031100267618234e-01
9.778343115863971091e-01
9.781588732020719545e-01
9.784769518762308493e-01
9.787887349097754708e-01
9.790943480767025919e-01
9.793939454823259450e-01
9.796876720202061239e-01
9.799756734094797750e-01
9.802580793981798823e-01
