# fsigma_8
4.758675648306425199e-01
4.821399732259967763e-01
4.880339151294459388e-01
4.935540864774468628e-01
4.987061215453229557e-01
5.034965129886832536e-01
5.079324706419827695e-01
5.120218892756903672e-01
5.157732348217369811e-01
5.191954766425056489e-01
5.222980073214467112e-01
5.250905560254764959e-01
5.275831256335647979e-01
5.297859410976588634e-01
5.317093582822257636e-01
5.333638434239562631e-01
5.347598787443854640e-01
5.359079666099487715e-01
5.368185254473986090e-01
5.375019252125199376e-01
5.379683808239373866e-01
5.382279583857735306e-01
5.382905512101779921e-01
5.381658417567627417e-01
5.378632969541896625e-01
5.373921357675582877e-01
5.367613216208688698e-01
5.359795705343117778e-01
5.350553061802135746e-01
5.339966870672142596e-01
5.328115842243456024e-01
5.315075792122136988e-01
5.300919656149037928e-01
5.285717674345691286e-01
5.269537227966483162e-01
5.252442653137907591e-01
5.234495878294876947e-01
5.215755841543298077e-01
5.196279002935155766e-01
5.176119117945197079e-01
5.155327577544988049e-01
5.133953085163526220e-01
5.112042191270511626e-01
5.089639041744296044e-01
5.066785585876721898e-01
5.043521552046599243e-01
5.019884748321445933e-01
4.995910790422455894e-01
4.971633637455564747e-01
4.947085239783529653e-01
4.922295768933863114e-01
4.897293877479971802e-01
4.872106435506771138e-01
4.846758899597003456e-01
4.821275228888761699e-01
4.795677945714465484e-01
4.769988335357136511e-01
4.744226242925052572e-01
4.718410515230981317e-01
4.692558664234627308e-01
4.666687285055596823e-01
4.640811789661770104e-01
4.614946657582179590e-01
4.589105452624175352e-01
4.563300885718161726e-01
4.537544782839009749e-01
4.511848118367884908e-01
4.486221228939663019e-01
4.460673719128450121e-01
4.435214438676685633e-01
4.409851686145676020e-01
4.384593116393883383e-01
4.359445782656443669e-01
4.334416315589157409e-01
4.309510753884117640e-01
4.284734644181150687e-01
4.260093169887110287e-01
4.235590939662082777e-01
4.211232311504242709e-01
4.187021221556206374e-01
4.162961204238225243e-01
4.139055489080892825e-01
4.115307057661215517e-01
4.091718422671797861e-01
4.068292023477352859e-01
4.045029881471510214e-01
4.021933882941619021e-01
3.999005542252079271e-01
3.976246356417549865e-01
3.953657406508419014e-01
3.931239757129057488e-01
3.908994174600575744e-01
3.886921314852588849e-01
3.865021702274292204e-01
3.843295660160465088e-01
3.821743311876561466e-01
3.800364860273170997e-01
3.779160189355686428e-01
3.758129187566036644e-01
3.737271524428528169e-01
3.716586887370911252e-01
3.696074843021468492e-01
3.675734819206294413e-01
3.655566294495798951e-01
3.635568456250810043e-01
3.615740683349760731e-01
3.596082061758633097e-01
3.576591848466397772e-01
3.557268998954133399e-01
3.538112662792402552e-01
3.519121702843772126e-01
3.500295163324522729e-01
3.481631882743108641e-01
3.463130837789412109e-01
3.444790728195936680e-01
3.426610506476614471e-01
3.408588900131001020e-01
3.390724673515305154e-01
3.373016612148632687e-01
3.355463404300016994e-01
3.338063820425844486e-01
3.320816508252853461e-01
3.303720179388422995e-01
3.286773503612872016e-01
3.269975174316637756e-01
3.253323832664096749e-01
3.236818147161492076e-01
3.220456725164584921e-01
3.204238288937660273e-01
3.188161474240556181e-01
3.172224886412822187e-01
3.156427199262697436e-01
3.140767051667958665e-01
3.125243126904678759e-01
3.109854011847710265e-01
3.094598476149734156e-01
3.079475049533540454e-01
3.064482506085911551e-01
3.049619465989423239e-01
3.034884621934559878e-01
3.020276674686475649e-01
3.005794294347396423e-01
2.991436191434523328e-01
2.977201066164958387e-01
2.963087668682670706e-01
2.949094715093192876e-01
2.935220907567173132e-01
2.921465008607915803e-01
2.907825825781289453e-01
2.894302071392101938e-01
