# h
7.800000000000000000e+01
7.872038439946896915e+01
7.946294341517273097e+01
8.022762452012432277e+01
8.101435902988595217e+01
8.182306304291269328e+01
8.265363838812932329e+01
8.350597357350491734e+01
8.437994472982556715e+01
8.527541654433872509e+01
8.619224317943864833e+01
8.713026917207326960e+01
8.808933031006890246e+01
8.906925448208059493e+01
9.006986249837608227e+01
9.109096888014491356e+01
9.213238261548495700e+01
9.319390788065071263e+01
9.427534472555397826e+01
9.537648972287605886e+01
9.649713658049218168e+01
9.763707671721009262e+01
9.879609980209798437e+01
9.997399425791230954e+01
1.011705477293422177e+02
1.023855475169620348e+02
1.036187809779291342e+02
1.048700358945827134e+02
1.061391008121953803e+02
1.074257653471981229e+02
1.087298204672535320e+02
1.100510587445828179e+02
1.113892745839705611e+02
1.127442644268727889e+02
1.141158269330451418e+02
1.155037631410873047e+02
1.169078766092716393e+02
1.183279735379876456e+02
1.197638628750913199e+02
1.212153564054031563e+02
1.226822688255472542e+02
1.241644178052713841e+02
1.256616240363341177e+02
1.271737112699890559e+02
1.287005063440408321e+02
1.302418392003920076e+02
1.317975428939454901e+02
1.333674535936729910e+02
1.349514105766084242e+02
1.365492562154741449e+02
1.381608359605990017e+02
1.397859983167409723e+02
1.414245948153817949e+02
1.430764799830191976e+02
1.447415113059411738e+02
1.464195491919288656e+02
1.481104569292986923e+02
1.498141006436608791e+02
1.515303492527382048e+02
1.532590744195613297e+02
1.550001505043263137e+02
1.567534545151776797e+02
1.585188660581524687e+02
1.602962672865011200e+02
1.620855428495783599e+02
1.638865798414796302e+02
1.656992677495799171e+02
1.675234984031153829e+02
1.693591659219328278e+02
1.712061666655199872e+02
1.730643991824147747e+02
1.749337641600800737e+02
1.768141643753220364e+02
1.787055046453174612e+02
1.806076917793091923e+02
1.825206345310180041e+02
1.844442435518146794e+02
1.863784313446868737e+02
1.883231122190312021e+02
1.902782022462937164e+02
1.922436192164788906e+02
1.942192825955409319e+02
1.962051134836687254e+02
1.982010345744706399e+02
2.002069701150636831e+02
2.022228458670675479e+02
2.042485890685020991e+02
2.062841283965842081e+02
2.083293939314177976e+02
2.103843171205695626e+02
2.124488307445219561e+02
2.145228688829909913e+02
2.166063668820983992e+02
2.186992613223855813e+02
2.208014899876550317e+02
2.229129918346247621e+02
2.250337069633814338e+02
2.271635765886167064e+02
2.293025430116306325e+02
2.314505495930859809e+02
2.336075407264976604e+02
2.357734618124408144e+02
2.379482592334600213e+02
2.401318803296645683e+02
2.423242733749913498e+02
2.445253875541222612e+02
2.467351729400345732e+02
2.489535804721733996e+02
2.511805619352272458e+02
2.534160699384906366e+02
2.556600578957997811e+02
2.579124800060251914e+02
2.601732912341053634e+02
2.624424472926078806e+02
2.647199046238026767e+02
2.670056203822337011e+02
2.692995524177733841e+02
2.716016592591497556e+02
2.739119000979282532e+02
2.762302347729387861e+02
2.785566237551335576e+02
2.808910281328645624e+02
2.832334095975657533e+02
2.855837304298323147e+02
2.879419534858816405e+02
2.903080421843872045e+02
2.926819604936735004e+02
2.950636729192610801e+02
2.974531444917528233e+02
2.998503407550496718e+02
3.022552277548870165e+02
3.046677720276823038e+02
3.070879405896847629e+02
3.095157009264169687e+02
3.119510209824022695e+02
3.143938691511661432e+02
3.168442142655071621e+02
3.193020255880260265e+02
3.217672728019080637e+02
3.242399260019484473e+02
3.267199556858177516e+02
3.292073327455542540e+02
3.317020284592829285e+02
3.342040144831491375e+02
3.367132628434648609e+02
3.392297459290572874e+02
3.417534364838173815e+02
3.442843075994404671e+02
3.468223327083528602e+02
3.493674855768224461e+02
