# rs_dv
inf
1.710595914793251682e+00
8.606340520589804699e-01
5.773935182049046988e-01
4.358325890180841378e-01
3.509428864411372473e-01
2.943882593566671257e-01
2.540246236699573723e-01
2.237799222928902598e-01
2.002807784304650174e-01
1.815031568511589477e-01
1.661590280550786225e-01
1.533897003120097691e-01
1.426006907131981971e-01
1.333673657277073821e-01
1.253783254929713986e-01
1.184000189548395504e-01
1.122538477421014258e-01
1.068009020452940910e-01
1.019315167089279855e-01
9.755796046287380785e-02
9.360921391381823997e-02
9.002717169208847292e-02
8.676383531613544864e-02
8.377920781631285896e-02
8.103969362634805274e-02
7.851686770991671283e-02
7.618651819572835882e-02
7.402789414500887677e-02
7.202310893765634381e-02
7.015666296700719118e-02
6.841505870348148222e-02
6.678648792229351094e-02
6.526057578853235175e-02
6.382817009446631329e-02
6.248116661936246874e-02
6.121236358868251126e-02
6.001533972800536521e-02
5.888435156586693808e-02
5.781424653112646889e-02
5.680038908131574554e-02
5.583859763762548389e-02
5.492509052583963158e-02
5.405643945751267831e-02
5.322952935215008452e-02
5.244152351432565529e-02
5.168983335113590261e-02
5.097209195402464810e-02
5.028613098165172351e-02
4.962996037243243286e-02
4.900175049077640232e-02
4.839981637315116103e-02
4.782260379144653156e-02
4.726867689374696785e-02
4.673670721814622564e-02
4.622546390495343299e-02
4.573380495757874836e-02
4.526066942339033311e-02
4.480507038357767202e-02
4.436608865609568270e-02
4.394286712854616334e-02
4.353460564875145933e-02
4.314055641009143655e-02
4.276001977666062798e-02
4.239234050016565253e-02
4.203690428639690613e-02
4.169313467421552344e-02
4.136049019441845331e-02
4.103846177968157455e-02
4.072657040011685298e-02
4.042436490188822118e-02
4.013142002886949805e-02
3.984733460955103973e-02
3.957172989334901969e-02
3.930424802218443481e-02
3.904455062470400112e-02
3.879231752184432447e-02
3.854724553361323774e-02
3.830904737800038679e-02
3.807745065384842559e-02
3.785219690033311823e-02
3.763304072642581488e-02
3.741974900435795365e-02
3.721210012168393866e-02
3.700988328705230590e-02
3.681289788525582418e-02
3.662095287754282141e-02
3.643386624354144621e-02
3.625146446148005269e-02
3.607358202368536604e-02
3.590006098460782336e-02
3.573075053886598518e-02
3.556550662701952331e-02
3.540419156697759140e-02
3.524667370912770020e-02
3.509282711343136851e-02
3.494253124687911327e-02
3.479567069983018762e-02
3.465213491988261563e-02
3.451181796202903301e-02
3.437461825395313197e-02
3.424043837541268509e-02
3.410918485073768935e-02
3.398076795354765256e-02
3.385510152286150959e-02
3.373210278983623800e-02
3.361169221442833477e-02
3.349379333132509323e-02
3.337833260454121237e-02
3.326523929012044356e-02
3.315444530642334964e-02
3.304588511151918678e-02
3.293949559823851347e-02
3.283521594113406050e-02
3.273298755662983062e-02
3.263275396263381339e-02
3.253446069569505827e-02
3.243805522265831576e-02
3.234348685687900293e-02
3.225070667872787650e-02
3.215966746013273342e-02
3.207032359292179280e-02
3.198263102074805353e-02
3.189654717438931975e-02
3.181203091023129814e-02
3.172904245175336979e-02
3.164754333384903889e-02
3.156749634982267128e-02
3.148886550091491848e-02
3.141161594821779285e-02
3.133571396684946969e-02
3.126112690226666435e-02
3.118782312859973843e-02
3.111577200890293035e-02
3.104494385721847868e-02
3.097530990235919379e-02
3.090684225332023666e-02
3.083951386623558222e-02
3.077329851279966486e-02
3.070817075007983843e-02
3.064410589164880128e-02
3.058107997997072669e-02
3.051906975997833657e-02
3.045805265378204174e-02
3.039800673645497164e-02
3.033891071284149435e-02
3.028074389533932237e-02
3.022348618260810998e-02
3.016711803916014012e-02
3.011162047579104412e-02
