# f_ap
0.000000000000000000e+00
2.029429204444293741e-02
4.078091977981249810e-02
6.146937459128649917e-02
8.236891808004331850e-02
1.034885678367380712e-01
1.248370850658249154e-01
1.464229640174380953e-01
1.682544231706185611e-01
1.903393981005141178e-01
2.126855359527700662e-01
2.353001914406738504e-01
2.581904242746391187e-01
2.813629979292484040e-01
3.048243796501998171e-01
3.285807416020162242e-01
3.526379630571387924e-01
3.770016335278885689e-01
4.016770567446344975e-01
4.266692553861656245e-01
4.519829764716497555e-01
4.776226973274743104e-01
5.035926320466552752e-01
5.298967383631967287e-01
5.565387248687245769e-01
5.835220585037695917e-01
6.108499722612196203e-01
6.385254730445427684e-01
6.665513496284405370e-01
6.949301806744700993e-01
7.236643427589318778e-01
7.527560183748474021e-01
7.822072038741892941e-01
8.120197173205636609e-01
8.421952062264200789e-01
8.727351551523810924e-01
9.036408931496221486e-01
9.349136010292506960e-01
9.665543184454482573e-01
9.985639507816509441e-01
1.030943275831387229e+00
1.063692950267423276e+00
1.096813515894772939e+00
1.130305405684753461e+00
1.164168949588770596e+00
1.198404380131771418e+00
1.233011837786476050e+00
1.267991376130452874e+00
1.303342966788956447e+00
1.339066504167153004e+00
1.375161809975989913e+00
1.411628637556430865e+00
1.448466676007215570e+00
1.485675554121615560e+00
1.523254844138919539e+00
1.561204065316551981e+00
1.599522687328866821e+00
1.638210133498759991e+00
1.677265783868219673e+00
1.716688978113998454e+00
1.756479018314489160e+00
1.796635171573880418e+00
1.837156672509528521e+00
1.878042725608395358e+00
1.919292507458270958e+00
1.960905168859371495e+00
2.002879836821728432e+00
2.045215616453637253e+00
2.087911592746274358e+00
2.130966832259414190e+00
2.174380384713002545e+00
2.218151284489182196e+00
2.262278552049147962e+00
2.306761195269125153e+00
2.351598210699482827e+00
2.396788584750902285e+00
2.442331294811325382e+00
2.488225310297259796e+00
2.534469593642813656e+00
2.581063101229770673e+00
2.628004784261732230e+00
2.675293589585364007e+00
2.722928460461506717e+00
2.770908337288855439e+00
2.819232158282745537e+00
2.867898860111504966e+00
2.916907378492639147e+00
2.966256648751057323e+00
3.015945606341408958e+00
3.065973187336545447e+00
3.116338328883910602e+00
3.167039969631698426e+00
3.218077050126431971e+00
3.269448513183562888e+00
3.321153304232622450e+00
3.373190371638330021e+00
3.425558666999028112e+00
3.478257145423748309e+00
3.531284765789091562e+00
3.584640490977096583e+00
3.638323288095176355e+00
3.692332128679177927e+00
3.746665988880475862e+00
3.801323849638121199e+00
3.856304696836816426e+00
3.911607521451620606e+00
3.967231319680109003e+00
4.023175093062762997e+00
4.079437848592259996e+00
4.136018598812345459e+00
4.192916361906867451e+00
4.250130161779629212e+00
4.307659025965649313e+00
4.365501994161350652e+00
4.423658105825969855e+00
4.482126408375113336e+00
4.540905955223522028e+00
4.599995805820236150e+00
4.659395025677790514e+00
4.719102686395885371e+00
4.779117865679842758e+00
4.839439647354196516e+00
4.900067121371717072e+00
4.960999383818180952e+00
5.022235536913130183e+00
5.083774689006962610e+00
5.145615954574479289e+00
5.207758454205250409e+00
5.270201314590919672e+00
5.332943668509725121e+00
5.395984654808380299e+00
5.459323418381541337e+00
5.522959110149027850e+00
5.586890887030899755e+00
5.651117911920672476e+00
5.715639353656673194e+00
5.780454386991798366e+00
5.845562192561693848e+00
5.910961956851582322e+00
5.976652872161770880e+00
6.042634136572008430e+00
6.108904953904722213e+00
6.175464533687328839e+00
6.242312091113606520e+00
6.309446847004302583e+00
6.376868027766975366e+00
6.444574865355217952e+00
6.512566597227286813e+00
6.580842466304222427e+00
6.649401720927498260e+00
