# fsigma_8
4.222027103918472579e-01
4.278090536648321285e-01
4.330803138272904529e-01
4.380205190480890853e-01
4.426345253092849319e-01
4.469279308948725937e-01
4.509070206143989124e-01
4.545786628329958612e-01
4.579502524564828536e-01
4.610296344907534039e-01
4.638250240871772401e-01
4.663449618937489105e-01
4.685982319053624834e-01
4.705938134887857616e-01
4.723408303628279237e-01
4.738484817509340252e-01
4.751260300838673900e-01
4.761827126950021194e-01
4.770277486833203739e-01
4.776702820170293240e-01
4.781193405186880407e-01
4.783838374134724569e-01
4.784725151991249814e-01
4.783939530555595399e-01
4.781565393445165735e-01
4.777684341563951942e-01
4.772376016501280738e-01
4.765717607511117948e-01
4.757783965432955120e-01
4.748647491953300603e-01
4.738378137039763183e-01
4.727043259385098062e-01
4.714707834566069233e-01
4.701434222262720342e-01
4.687282309921439460e-01
4.672309583541313649e-01
4.656571057974329686e-01
4.640119212668600279e-01
4.623004466642185450e-01
4.605274719956859442e-01
4.586975813868678920e-01
4.568151195366825790e-01
4.548842427571329616e-01
4.529088907729343916e-01
4.508928113533866022e-01
4.488395566504200240e-01
4.467524986693921507e-01
4.446348370960115370e-01
4.424895950747470552e-01
4.403196327875472660e-01
4.381276592307141726e-01
4.359162326694862033e-01
4.336877658316795059e-01
4.314445383809638601e-01
4.291886953526546367e-01
4.269222585781665691e-01
4.246471301131001241e-01
4.223651062756873520e-01
4.200778638368372619e-01
4.177869872302669152e-01
4.154939596637028942e-01
4.132001652331856456e-01
4.109069168497107571e-01
4.086154253839924810e-01
4.063268410378804707e-01
4.040422136925326813e-01
4.017625558104731542e-01
3.994887871534217316e-01
3.972217662613927169e-01
3.949623013113515158e-01
3.927111410765670163e-01
3.904689746936075845e-01
3.882364424513863321e-01
3.860141472863645729e-01
3.838026272680137851e-01
3.816023930927069374e-01
3.794139093404195195e-01
3.772375994104493757e-01
3.750738593394381537e-01
3.729230406412772925e-01
3.707854792690831180e-01
3.686614529380293770e-01
3.665512441206338345e-01
3.644550872505803452e-01
3.623732000764476324e-01
3.603057644532353110e-01
3.582529635062512985e-01
3.562149366502013192e-01
3.541918179880785278e-01
3.521837110753065492e-01
3.501907158225534555e-01
3.482129099564930663e-01
3.462503540743935848e-01
3.443030980934296270e-01
3.423711735318284988e-01
3.404546036390768138e-01
3.385534030675118600e-01
3.366675716881097902e-01
3.347970954924989195e-01
3.329419568095324800e-01
3.311021298721694706e-01
3.292775737976869621e-01
3.274682481689032976e-01
3.256741050138831639e-01
3.238950828643131219e-01
3.221311175264949256e-01
3.203821427092327645e-01
3.186480821969989163e-01
3.169288567198137452e-01
3.152243853065720414e-01
3.135345797368523924e-01
3.118593426681038894e-01
3.101985902395733019e-01
3.085522158356899247e-01
3.069201229548762511e-01
3.053022058388524806e-01
3.036983614585896385e-01
3.021084820123077219e-01
3.005324562062997029e-01
2.989701733129063177e-01
2.974215191458147167e-01
2.958863809417475732e-01
2.943646484736856528e-01
2.928561980924413444e-01
2.913609186856733757e-01
2.898786905522688362e-01
2.884093910945884076e-01
2.869529097832646536e-01
2.855091213665471028e-01
2.840779123498984315e-01
2.826591567771267188e-01
2.812527431872938743e-01
2.798585428271838094e-01
2.784764448008490989e-01
2.771063280655244876e-01
2.757480722994319899e-01
2.744015626669373820e-01
2.730666801042741509e-01
2.717433076344923926e-01
2.704313232839500869e-01
2.691306197153184865e-01
2.678410741815883678e-01
2.665625792573074193e-01
2.652950147169810813e-01
2.640382692624208549e-01
2.627922284604073955e-01
2.615567821940631976e-01
2.603318212493261896e-01
2.591172322151059637e-01
2.579129088948079462e-01
