# h
6.900000000000000000e+01
6.963363230858183783e+01
7.028680410679443469e+01
7.095947134651380850e+01
7.165157570803788190e+01
7.236304542023752617e+01
7.309379608783082460e+01
7.384373152030946130e+01
7.461274455741904887e+01
7.540071788650104168e+01
7.620752484743061927e+01
7.703303022132739386e+01
7.787709099966134829e+01
7.873955713082145280e+01
7.962027224165019845e+01
8.051907433186799778e+01
8.143579643971520454e+01
8.237026727751832311e+01
8.332231183624215021e+01
8.429175195841646939e+01
8.527840687912483020e+01
8.628209373501097446e+01
8.730262804149970179e+01
8.833982413863870420e+01
8.939349560615244172e+01
9.046345564845375975e+01
9.154951745049230283e+01
9.265149450542426735e+01
9.376920091517602884e+01
9.490245166503824237e+01
9.605106287347668115e+01
9.721485201837609225e+01
9.839363814095297300e+01
9.958724202857531793e+01
1.007954863777241599e+02
1.020181959383138519e+02
1.032551976405661662e+02
1.045063207056028745e+02
1.057713967408859332e+02
1.070502598215954322e+02
1.083427465589921610e+02
1.096486961567661922e+02
1.109679504563270314e+02
1.123003539719418882e+02
1.136457539165811852e+02
1.150040002192814370e+02
1.163749455347894752e+02
1.177584452462035074e+02
1.191543574612824017e+02
1.205625430030491287e+02
1.219828653952727961e+02
1.234151908433713771e+02
1.248593882112393629e+02
1.263153289944661992e+02
1.277828872903764648e+02
1.292619397652884174e+02
1.307523656193566239e+02
1.322540465493341912e+02
1.337668667095614694e+02
1.352907126714628419e+02
1.368254733818076829e+02
1.383710401199691091e+02
1.399273064543932321e+02
1.414941681984699073e+02
1.430715233659803687e+02
1.446592721262774432e+02
1.462573167593402843e+02
1.478655616108291326e+02
1.494839130472541910e+02
1.511122794113582017e+02
1.527505709778038749e+02
1.543986999092427084e+02
1.560565802128368205e+02
1.577241276972931985e+02
1.594012599304641356e+02
1.610878961975578818e+02
1.627839574600001527e+02
1.644893663149783549e+02
1.662040469556956168e+02
1.679279251323584674e+02
1.696609281139149346e+02
1.714029846505577552e+02
1.731540249370031574e+02
1.749139805765520066e+02
1.766827845459374089e+02
1.784603711609614152e+02
1.802466760429192334e+02
1.820416360858083920e+02
1.838451894243183062e+02
1.856572754025945642e+02
1.874778345437699727e+02
1.893068085202529574e+02
1.911441401247650163e+02
1.929897732421146088e+02
1.948436528216979013e+02
1.967057248507121301e+02
1.985759363280699290e+02
2.004542352390017186e+02
2.023405705303316324e+02
2.042348920864134527e+02
2.061371507057124859e+02
2.080472980780200487e+02
2.099652867622833128e+02
2.118910701650407304e+02
2.138246025194435163e+02
2.157658388648536913e+02
2.177147350270002164e+02
2.196712475986823279e+02
2.216353339210041042e+02
2.236069520651275013e+02
2.255860608145289348e+02
2.275726196477482972e+02
2.295665887216139538e+02
2.315679288549336832e+02
2.335766015126368984e+02
2.355925687903568928e+02
2.376157933994389850e+02
2.396462386523657813e+02
2.416838684485835245e+02
2.437286472607227097e+02
2.457805401211972480e+02
2.478395126091751308e+02
2.499055308379073495e+02
2.519785614424057769e+02
2.540585715674596088e+02
2.561455288559811834e+02
2.582394014376693576e+02
2.603401579179849819e+02
2.624477673674251150e+02
2.645621993110900689e+02
2.666834237185341294e+02
2.688114109938899219e+02
2.709461319662617598e+02
2.730875578803752433e+02
2.752356603874810617e+02
2.773904115365002667e+02
2.795517837654087430e+02
2.817197498928484265e+02
2.838942831099647037e+02
2.860753569724573708e+02
2.882629453928441876e+02
2.904570226329254297e+02
2.926575632964490978e+02
2.948645423219656436e+02
2.970779349758711305e+02
2.992977168456296795e+02
3.015238638331724133e+02
3.037563521484665898e+02
3.059951583032495819e+02
3.082402591049249736e+02
