# rs_dv
inf
1.690921028194701803e+00
8.507056802164714160e-01
5.707128297563505148e-01
4.307748960871791710e-01
3.468583301145391484e-01
2.909519238717628853e-01
2.510508547068432961e-01
2.211526962949313946e-01
1.979227556033912039e-01
1.793602076357456165e-01
1.641917929989084035e-01
1.515686666426070972e-01
1.409031625212682493e-01
1.317755162148140091e-01
1.238778984592572296e-01
1.169794360630149188e-01
1.109035783436677913e-01
1.055130080492553413e-01
1.006993172173074047e-01
9.637578024378444519e-02
9.247219175920043388e-02
8.893111232854701564e-02
8.570509350773727886e-02
8.275459661182460458e-02
8.004641095665543382e-02
7.755243710132014856e-02
7.524874046255429494e-02
7.311480770908337923e-02
7.113295698999010097e-02
6.928786610343209973e-02
6.756619197491528506e-02
6.595626147201447131e-02
6.444781842438100650e-02
6.303181527812644347e-02
6.170024045842691096e-02
6.044597449775410136e-02
5.926266948821225233e-02
5.814464756201311729e-02
5.708681498531645304e-02
5.608458913358713854e-02
5.513383614963632967e-02
5.423081750431012205e-02
5.337214401093257066e-02
5.255473610801893181e-02
5.177578943550372598e-02
5.103274489922795393e-02
5.032326255547261984e-02
4.964519875867494381e-02
4.899658610636144218e-02
4.837561578986868116e-02
4.778062202080786414e-02
4.721006825399018392e-02
4.666253496967268100e-02
4.613670881310313193e-02
4.563137291871708495e-02
4.514539827099292579e-02
4.467773597473273517e-02
4.422741032507796627e-02
4.379351258243378842e-02
4.337519537011339660e-02
4.297166762328524792e-02
4.258219002701655459e-02
4.220607088909984761e-02
4.184266240013451155e-02
4.149135723918041807e-02
4.115158548835005925e-02
4.082281182407600933e-02
4.050453295658391906e-02
4.019627529239901131e-02
3.989759279758928190e-02
3.960806504195803213e-02
3.932729540659653245e-02
3.905490943913209750e-02
3.879055334270067878e-02
3.853389258616068958e-02
3.828461062437900353e-02
3.804240771857874542e-02
3.780699984776510203e-02
3.757811770315401534e-02
3.735550575833626596e-02
3.713892140862578434e-02
3.692813417368106393e-02
3.672292495805683926e-02
3.652308536485261020e-02
3.632841705807890453e-02
3.613873116976957373e-02
3.595384774823346535e-02
3.577359524416671294e-02
3.559781003164128044e-02
3.542633596125135259e-02
3.525902394293718017e-02
3.509573155622273954e-02
3.493632268579743155e-02
3.478066718054902140e-02
3.462864053431388700e-02
3.448012358675571487e-02
3.433500224291448355e-02
3.419316721008709009e-02
3.405451375080897902e-02
3.391894145080485284e-02
3.378635400086620749e-02
3.365665899169541925e-02
3.352976772083065410e-02
3.340559501083423255e-02
3.328405903798950516e-02
3.316508117080817913e-02
3.304858581770253600e-02
3.293450028322499057e-02
3.282275463232100371e-02
3.271328156208224563e-02
3.260601628052366141e-02
3.250089640280645620e-02
3.239786179998662557e-02
3.229685455952824996e-02
3.219781884655786852e-02
3.210070082194367569e-02
3.200544855494813490e-02
3.191201194038940231e-02
3.182034262004394126e-02
3.173039390804070770e-02
3.164212072001391929e-02
3.155547950579657562e-02
3.147042818545150999e-02
3.138692608844936838e-02
3.130493389581572028e-02
3.122441358508059109e-02
3.114532837787426997e-02
3.106764269002311452e-02
3.099132208400814936e-02
3.091633322365801295e-02
3.084264383095501605e-02
3.077022264484150990e-02
3.069903938191956977e-02
3.062906469894407721e-02
3.056027015701507157e-02
3.049262818738072978e-02
3.042611205876762440e-02
3.036069584615987138e-02
3.029635440095309815e-02
3.023306332241366273e-02
3.017079893037740226e-02
3.010953823912600538e-02
3.004925893238239581e-02
2.998993933937018144e-02
2.993155841188487390e-02
2.987409570232774786e-02
2.981753134265577310e-02
2.976184602420360939e-02
2.970702097833629457e-02
