#cosmological_parameters--omega_c    cosmological_parameters--omega_b    cosmological_parameters--log10as_hamana    cosmological_parameters--n_s    cosmological_parameters--h0    firecrown_two_point--source_1_delta_z    firecrown_two_point--source_2_delta_z    firecrown_two_point--source_3_delta_z    firecrown_two_point--source_4_delta_z    firecrown_two_point--mult_bias    firecrown_two_point--a_ia    firecrown_two_point--eta_eff
4.610467305913429174e-03 1.493836587173203166e-05 -3.075032298304024997e-02 -1.011534657346834214e-03 -7.711442026641427121e-04 -4.403935941818385748e-05 -4.472589455560345726e-05 1.302570343203380990e-04 1.351243881367522875e-04 -2.625682614585422954e-06 -3.926086239567390737e-03 1.934812271290790560e-03
1.493836587173203166e-05 1.694620448887234127e-05 -6.595914984401651804e-05 1.795571490016768006e-06 4.332447869784503406e-06 3.955216176034289980e-07 9.647866136355412308e-10 1.028208967822712492e-06 -1.647834058950884490e-06 -4.875117867624973876e-08 -2.961251189725151974e-05 4.417484157198811671e-05
-3.075032298304024997e-02 -6.595914984401651804e-05 2.352840868973275490e-01 6.585703398796719649e-03 -1.269793602019092527e-03 3.103568021081089040e-04 2.687825206332371676e-04 -9.853917713283563955e-04 -1.115625266971149694e-03 -2.598819759938355762e-05 2.257205834216249873e-02 -3.007811442629591391e-03
-1.011534657346834214e-03 1.795571490016768006e-06 6.585703398796721383e-03 2.438518540834771695e-03 -1.651456560130104665e-04 -1.021057813903802598e-06 3.657017437105148056e-06 -2.780343436861563180e-05 -4.695243980425318364e-06 -2.637578254318702556e-06 1.588965060332825233e-03 -3.005525689201406225e-03
-7.711442026641427121e-04 4.332447869784505100e-06 -1.269793602019092527e-03 -1.651456560130104665e-04 2.383431497541348490e-03 1.498398499936236528e-05 1.133547694260183103e-05 -2.919506242705914871e-05 -1.794668030280235658e-05 7.595028889263632860e-07 1.291231405540858596e-03 1.322594902482036546e-04
-4.403935941818385748e-05 3.955216176034292097e-07 3.103568021081088498e-04 -1.021057813903802598e-06 1.498398499936237205e-05 1.080352471772496204e-04 2.369733699752937648e-06 -7.748443556276096351e-07 1.484299906289365778e-07 1.674460209118191792e-06 5.588961638968663716e-04 -2.257897689582570328e-03
-4.472589455560345049e-05 9.647866136355677005e-10 2.687825206332372218e-04 3.657017437105148480e-06 1.133547694260183272e-05 2.369733699752936801e-06 3.499806496557461300e-05 -1.582355890938773560e-06 2.322160927625659415e-06 1.076341030428027975e-07 9.962162673830836010e-05 3.495965092020849349e-04
1.302570343203380990e-04 1.028208967822712704e-06 -9.853917713283563955e-04 -2.780343436861562842e-05 -2.919506242705914871e-05 -7.748443556276070940e-07 -1.582355890938774830e-06 2.182621074550671069e-04 1.332131936624054380e-05 3.131382458520338793e-07 -4.519125916944258833e-04 -4.814693222764468428e-04
1.351243881367522603e-04 -1.647834058950884913e-06 -1.115625266971150128e-03 -4.695243980425314976e-06 -1.794668030280234980e-05 1.484299906289367895e-07 2.322160927625658991e-06 1.332131936624054041e-05 3.378099973355030332e-04 -7.071874530670150170e-07 -2.395389328676999401e-04 -4.193009019850958263e-04
-2.625682614585425495e-06 -4.875117867624971229e-08 -2.598819759938356100e-05 -2.637578254318702556e-06 7.595028889263642389e-07 1.674460209118191792e-06 1.076341030428029299e-07 3.131382458520339323e-07 -7.071874530670151229e-07 2.569295236217576198e-05 1.292392076153778998e-05 1.694005263253088275e-04
-3.926086239567390737e-03 -2.961251189725152652e-05 2.257205834216249873e-02 1.588965060332825233e-03 1.291231405540858596e-03 5.588961638968663716e-04 9.962162673830837365e-05 -4.519125916944258833e-04 -2.395389328676999401e-04 1.292392076153778659e-05 8.148049411698435329e-02 2.177986231230528702e-01
1.934812271290790777e-03 4.417484157198811671e-05 -3.007811442629590524e-03 -3.005525689201406659e-03 1.322594902482032210e-04 -2.257897689582570328e-03 3.495965092020850433e-04 -4.814693222764465175e-04 -4.193009019850958263e-04 1.694005263253088275e-04 2.177986231230528702e-01 1.804125082374492539e+00
