# da
0.000000000000000000e+00
8.564256543867732319e+01
1.671869822633150307e+02
2.448588776044124984e+02
3.188679175302568751e+02
3.894092625315038845e+02
4.566648621515644209e+02
5.208046089771456764e+02
5.819873694003899800e+02
6.403619061880281151e+02
6.960677058723206301e+02
7.492357222549917424e+02
7.999890458409025769e+02
8.484435077534169523e+02
8.947082255956723884e+02
9.388860977842019793e+02
9.810742520710764438e+02
1.021364453269025375e+03
1.059843474585242120e+03
1.096593436440307187e+03
1.131692116187874490e+03
1.165213231748794442e+03
1.197226701822293307e+03
1.227798885029725625e+03
1.256992800077456650e+03
1.284868328789557609e+03
1.311482403653953043e+03
1.336889181343648261e+03
1.361140203514573614e+03
1.384284546040559690e+03
1.406368957721641664e+03
1.427437989392230975e+03
1.447534114258783120e+03
1.466697840210930508e+03
1.484967814774281806e+03
1.502380923305896431e+03
1.518972380973939607e+03
1.534775819010125360e+03
1.549823365676631511e+03
1.564145722347331002e+03
1.577772235066015355e+03
1.590730961911042641e+03
1.603048736466240143e+03
1.614751227671368042e+03
1.625862996301731982e+03
1.636407548305245427e+03
1.646407385206139452e+03
1.655884051767347273e+03
1.664858181088087576e+03
1.673349537299214035e+03
1.681377056006300336e+03
1.688958882618962889e+03
1.696112408694600617e+03
1.702854306415296833e+03
1.709200561308084161e+03
1.715166503310957069e+03
1.720766836279881772e+03
1.726015666025578867e+03
1.730926526962811295e+03
1.735512407449509965e+03
1.739785773887964751e+03
1.743758593655720233e+03
1.747442356929503376e+03
1.750848097461585667e+03
1.753986412364308080e+03
1.756867480955133715e+03
1.759501082711431991e+03
1.761896614381296786e+03
1.764063106293983765e+03
1.766009237911029231e+03
1.767743352656743582e+03
1.769273472064617181e+03
1.770607309274044383e+03
1.771752281909959720e+03
1.772715524376064650e+03
1.773503899590742776e+03
1.774124010193101412e+03
1.774582209245154445e+03
1.774884610454719223e+03
1.775037097942340097e+03
1.775045335574257706e+03
1.774914775882364665e+03
1.774650668590906207e+03
1.774258068768734802e+03
1.773741844624901660e+03
1.773106684964491023e+03
1.772357106320707999e+03
1.771497459778439179e+03
1.770531937503719973e+03
1.769464578992836323e+03
1.768299277054049753e+03
1.767039783534359913e+03
1.765689714803030938e+03
1.764252557003064794e+03
1.762731671081250170e+03
1.761130297606875956e+03
1.759451561388720165e+03
1.757698475899449704e+03
1.755873947516122371e+03
1.753980779585061327e+03
1.752021676318972368e+03
1.749999246533801852e+03
1.747916007232457787e+03
1.745774387042198668e+03
1.743576729512153861e+03
1.741325296277131201e+03
1.739022270093597854e+03
1.736669757753410295e+03
1.734269792880636714e+03
1.731824338616551358e+03
1.729335290197636141e+03
1.726804477431220221e+03
1.724233666208611112e+03
1.721624564191931540e+03
1.718978817983894942e+03
1.716298018534076618e+03
1.713583702352802447e+03
1.710837353458282678e+03
1.708060405248269944e+03
1.705254242299401994e+03
1.702420202097276842e+03
1.699559576700127764e+03
1.696673614338887091e+03
1.693763520956250659e+03
1.690830461687284014e+03
1.687875562283976478e+03
1.684899910486029967e+03
1.681904557340099473e+03
1.678890518469578637e+03
1.675858775296948124e+03
1.672810276220592641e+03
1.669745937747955395e+03
1.666666645586753248e+03
1.663573255695958323e+03
1.660466595298149286e+03
1.657347463854768876e+03
1.654216634005763126e+03
1.651074852475016996e+03
1.647922840942925177e+03
1.644761296887407752e+03
1.641590894394593306e+03
1.638412284940360678e+03
1.635226098143877607e+03
1.632032942494219014e+03
1.628833406051111069e+03
1.625628057120795575e+03
1.622417444907973049e+03
1.619202100144746510e+03
1.615982535697436560e+03
1.612759247152113176e+03
