# firecrown_theory
3.415915229721610687e-10
2.387122742823972410e-10
1.649820829055393626e-10
1.107508369168576377e-10
7.130320043791333342e-11
4.400910267821089369e-11
5.143554902409924951e-10
3.593424240430911212e-10
2.506663141874640492e-10
1.712174640540954545e-10
1.128409330423509725e-10
7.151350855770382209e-11
9.343453466222854661e-10
6.464104955616075320e-10
4.524374800908457664e-10
3.141165128445581258e-10
2.126731763612157620e-10
1.393965374781152691e-10
6.178482171980451227e-10
4.290675491430904570e-10
2.987008879002921744e-10
2.045459332807416671e-10
1.357431008781208704e-10
8.694696592144444159e-11
1.204316341343850305e-09
8.259058021844067741e-10
5.756951150463764407e-10
4.003565930177941465e-10
2.730485453525817393e-10
1.810915926570473511e-10
1.731201946627578211e-09
1.168565996634839011e-09
8.055912053808634203e-10
5.585027022303894521e-10
3.831405207719876818e-10
2.576331098590377916e-10
6.737507158037255498e-10
4.660816177348033088e-10
3.236927558079278445e-10
2.215973208065441558e-10
1.473510068299537738e-10
9.476567469783409252e-11
1.329226806422115074e-09
9.085582728088396908e-10
6.321167790496766086e-10
4.396311420896570838e-10
3.004591183928020525e-10
2.000138457074965016e-10
2.011649199514826652e-09
1.349374768234334608e-09
9.252825467918300593e-10
6.397798531953908388e-10
4.392152043482872988e-10
2.965077708509063086e-10
2.412380817468825909e-09
1.605447929522078984e-09
1.092557842190923813e-09
7.519397292838313967e-10
5.159384733003102169e-10
3.495769405109725356e-10
