# d_a
0.000000000000000000e+00
5.007261291134566505e+01
9.842550552516311768e+01
1.451292935162487652e+02
1.902507381546447789e+02
2.338530172627671107e+02
2.759959734508827864e+02
3.167363417949018185e+02
3.561279588899668056e+02
3.942219550100906531e+02
4.310669309246832199e+02
4.667091207640497146e+02
5.011925421852754425e+02
5.345591349650381972e+02
5.668488890348208997e+02
5.980999628751204682e+02
6.283487930969841955e+02
6.576301959604076046e+02
6.859774615085502774e+02
7.134224409335439532e+02
7.399956277329260956e+02
7.657262331647425526e+02
7.906422564635206527e+02
8.147705502379434392e+02
8.381368814338136417e+02
8.607659882121722603e+02
8.826816330620262079e+02
9.039066524395384477e+02
9.244630032005723024e+02
9.443718060708054054e+02
9.636533863770541757e+02
9.823273122447535570e+02
1.000412430449499311e+03
1.017926900095097153e+03
1.034888224276427536e+03
1.051313279872568046e+03
1.067218345603871967e+03
1.082619128475975913e+03
1.097530788723902560e+03
1.111967963360469867e+03
1.125944788425008255e+03
1.139474920020903937e+03
1.152571554223582325e+03
1.165247445934273173e+03
1.177514926749111282e+03
1.189385921907836291e+03
1.200871966381482252e+03
1.211984220154007062e+03
1.222733482748692268e+03
1.233130207046397800e+03
1.243184512439272567e+03
1.252906197360368196e+03
1.262304751226650751e+03
1.271389365830223369e+03
1.280168946210092599e+03
1.288652121034526317e+03
1.296847252521939254e+03
1.304762445926324062e+03
1.312405558611420474e+03
1.319784208736212577e+03
1.326905783572781047e+03
1.333777447476147245e+03
1.340406149524462762e+03
1.346798630846668402e+03
1.352961431653659929e+03
1.358900897987964981e+03
1.364623188205985343e+03
1.370134279205982921e+03
1.375439972414165823e+03
1.380545899540484470e+03
1.385457528115045307e+03
1.390180166815397570e+03
1.394718970594342409e+03
1.399078945617364070e+03
1.403264954018248773e+03
1.407281718480977133e+03
1.411133826655528765e+03
1.414825735414809969e+03
1.418361774959523018e+03
1.421746152777438965e+03
1.424982957463181265e+03
1.428076162404317301e+03
1.431029629339251642e+03
1.433847111792139231e+03
1.436532258389768685e+03
1.439088616065129372e+03
1.441519633152133565e+03
1.443828662375765362e+03
1.446018963741704056e+03
1.448093707329299832e+03
1.450055975991586138e+03
1.451908767965845527e+03
1.453654999398092968e+03
1.455297506784682128e+03
1.456839049334103038e+03
1.458282311251900637e+03
1.459629903951526330e+03
1.460884368193797854e+03
1.462048176157548369e+03
1.463123733443921765e+03
1.464113381016677749e+03
1.465019397080772023e+03
1.465843998901380019e+03
1.466589344565450347e+03
1.467257534687791349e+03
1.467850614063604780e+03
1.468370573269321085e+03
1.468819350213503185e+03
1.469198831639529772e+03
1.469510854581691092e+03
1.469757207776283167e+03
1.469939633029208380e+03
1.470059826541550819e+03
1.470119440194526760e+03
1.470120082795169083e+03
1.470063321284044605e+03
1.469950681906262616e+03
1.469783651346986744e+03
1.469563677832611802e+03
1.469292172198735898e+03
1.468970508926006460e+03
1.468600027144888600e+03
1.468182031610363765e+03
1.467717793647531153e+03
1.467208552069047983e+03
1.466655514065319267e+03
1.466059856068304043e+03
1.465422724589788913e+03
1.464745237034939009e+03
1.464028482491910381e+03
1.463273522498290504e+03
1.462481391785093365e+03
1.461653098999019448e+03
1.460789627403666373e+03
1.459891935560350703e+03
1.458960957989175313e+03
1.457997605810968025e+03
1.457002767370680203e+03
1.455977308842823277e+03
1.454922074819506406e+03
1.453837888881604613e+03
1.452725554153585790e+03
1.451585853842497272e+03
1.450419551761597859e+03
1.449227392839109143e+03
1.448010103612537705e+03
1.446768392709013142e+03
1.445502951312065761e+03
1.444214453615254797e+03
1.442903557263047333e+03
1.441570903779337414e+03
1.440217118983972114e+03
1.438842813397649252e+03
1.437448582635539196e+03
1.436035007789962265e+03
1.434602655802458003e+03
1.433152079825555802e+03
1.431683819574556537e+03
1.430198401669626492e+03
1.428696339968483016e+03
1.427178135889958867e+03
1.425644278728708969e+03
1.424095245961324508e+03
1.422531503544104226e+03
1.420953506202731660e+03
1.419361697714094589e+03
1.417756511180470397e+03
1.416138369296312021e+03
1.414507684607839565e+03
1.412864859765651318e+03
1.411210287770555851e+03
1.409544352212823242e+03
1.407867427505041633e+03
1.406179879108765590e+03
1.404482063755137915e+03
1.402774329659650448e+03
1.401057016731220074e+03
1.399330456775736138e+03
1.397594973694240025e+03
1.395850883675890145e+03
1.394098495385856722e+03
1.392338110148295300e+03
1.390570022124534489e+03
1.388794518486614606e+03
1.387011879586306122e+03
1.385222379119738434e+03
1.383426284287759927e+03
1.381623855952148233e+03
1.379815348787787116e+03
1.378001011430924109e+03
1.376181086623616693e+03
1.374355811354470461e+03
1.372525416995775458e+03
1.370690129437141422e+03
1.368850169215721053e+03
1.367005751643124086e+03
1.365157086929107891e+03
1.363304380302135314e+03
1.361447832126881622e+03
1.359587638018780581e+03
1.357723988955682671e+03
1.355857071386710459e+03
1.353987067338382758e+03
1.352114154518082387e+03
1.350238506414943231e+03
1.348360292398218917e+03
1.346479677813207672e+03
1.344596824074794313e+03
1.342711888758677105e+03
1.340825025690336588e+03
1.338936385031812051e+03
1.337046113366339796e+03
1.335154353780911379e+03
1.333261245946807776e+03
1.331366926198163128e+03
1.329471527608606493e+03
1.327575180066038229e+03
1.325678010345586017e+03
1.323780142180786697e+03
1.321881696333047785e+03
1.319982790659423472e+03
1.318083540178758085e+03
1.316184057136233832e+03
1.314284451066367183e+03
1.312384828854491616e+03
1.310485294796769267e+03
1.308585950658766023e+03
1.306686895732629409e+03
1.304788226892903822e+03
1.302890038651019267e+03
1.300992423208486343e+03
1.299095470508830658e+03
1.297199268288301710e+03
1.295303902125381228e+03
1.293409455489127822e+03
1.291516009786384529e+03
1.289623644407878373e+03
1.287732436773238760e+03
1.285842462374963816e+03
1.283953794821361498e+03
1.282066505878487760e+03
1.280180665511110874e+03
1.278296341922725105e+03
1.276413601594634883e+03
1.274532509324136299e+03
1.272653128261816619e+03
1.270775519947992962e+03
1.268899744348313334e+03
1.267025859888539799e+03
1.265153923488532428e+03
1.263283990595455180e+03
1.261416115216225990e+03
1.259550349949221754e+03
1.257686746015264134e+03
1.255825353287899361e+03
1.253966220322992058e+03
1.252109394387644670e+03
1.250254921488467744e+03
1.248402846399206737e+03
1.246553212687748101e+03
1.244706062742516451e+03
1.242861437798279667e+03
1.241019377961371902e+03
1.239179922234353853e+03
1.237343108540120056e+03
1.235508973745468893e+03
1.233677553684143959e+03
1.231848883179366112e+03
1.230022996065861435e+03
1.228199925211401478e+03
1.226379702537866251e+03
1.224562359041839954e+03
1.222747924814751514e+03
1.220936429062572870e+03
1.219127900125079805e+03
1.217322365494691667e+03
1.215519851834895917e+03
1.213720384998268173e+03
1.211923990044098900e+03
1.210130691255632883e+03
1.208340512156932846e+03
1.206553475529375874e+03
1.204769603427788752e+03
1.202988917196234070e+03
1.201211437483452301e+03
1.199437184257969420e+03
1.197666176822876423e+03
1.195898433830290514e+03
1.194133973295502756e+03
1.192372812610820347e+03
1.190614968559111276e+03
1.188860457327056565e+03
1.187109294518119214e+03
1.185361495165233237e+03
1.183617073743220772e+03
1.181876044180944746e+03
1.180138419873199609e+03
1.178404213692349458e+03
1.176673437999718089e+03
1.174946104656734633e+03
1.173222225035844076e+03
1.171501810031184959e+03
1.169784870069039016e+03
1.168071415118062987e+03
1.166361454699297838e+03
1.164654997895972201e+03
1.162952053363095501e+03
1.161252629336847804e+03
1.159556733643773669e+03
1.157864373709781603e+03
1.156175556568953652e+03
1.154490288872170140e+03
1.152808576895553870e+03
1.151130426548735159e+03
1.149455843382946796e+03
1.147784832598946650e+03
1.146117399054776342e+03
1.144453547273356889e+03
1.142793281449926099e+03
1.141136605459320435e+03
1.139483522863107282e+03
1.137834036916564401e+03
1.136188150575519103e+03
1.134545866503041907e+03
1.132907187076002401e+03
1.131272114391489367e+03
1.129640650273097663e+03
1.128012796277084817e+03
1.126388553698399392e+03
1.124767923576587009e+03
1.123150906701571330e+03
1.121537503619318386e+03
1.119927714637382451e+03
1.118321539830338452e+03
1.116718979045101833e+03
1.115120031906138820e+03
1.113524697820571191e+03
1.111932975983173264e+03
1.110344865381269301e+03
1.108760364799527679e+03
1.107179472824659342e+03
1.105602187850016662e+03
1.104028508080102029e+03
1.102458431534980491e+03
1.100891956054604407e+03
1.099329079303048275e+03
1.097769798772658532e+03
1.096214111788116043e+03
1.094662015510419224e+03
1.093113506940781690e+03
1.091568582924454176e+03
1.090027240154465744e+03
1.088489475175290636e+03
1.086955284386438734e+03
1.085424664045974168e+03
1.083897610273961845e+03
1.082374119055843721e+03
1.080854186245746178e+03
1.079337807569720553e+03
1.077824978628918416e+03
1.076315694902699761e+03
1.074809951751680956e+03
1.073307744420719246e+03
1.071809068041837008e+03
1.070313917637085979e+03
1.068822288121354859e+03
1.067334174305117358e+03
1.065849570897126796e+03
1.064368472507055913e+03
1.062890873648080287e+03
1.061416768739413556e+03
1.059946152108787828e+03
1.058479017994884089e+03
1.057015360549716434e+03
1.055555173840962652e+03
1.054098451854252744e+03
1.052645188495407183e+03
1.051195377592631985e+03
1.049749012898667843e+03
1.048306088092896516e+03
1.046866596783403565e+03
1.045430532509000386e+03
1.043997888741204179e+03
1.042568658886177445e+03
1.041142836286629290e+03
1.039720414223676926e+03
1.038301385918669894e+03
1.036885744534976538e+03
1.035473483179735467e+03
1.034064594905569265e+03
1.032659072712265242e+03
1.031256909548420936e+03
1.029858098313055962e+03
1.028462631857191354e+03
1.027070502985396843e+03
1.025681704457306296e+03
1.024296228989101337e+03
1.022914069254965852e+03
1.021535217888510942e+03
1.020159667484168949e+03
1.018787410598560768e+03
