# d_c
0.000000000000000000e+00
5.082370210501584751e+01
1.013782706909180149e+02
1.516601117244799468e+02
2.016657824439234901e+02
2.513919935574746205e+02
3.008356110614622594e+02
3.499936576833665072e+02
3.988633139567628518e+02
4.474419189364529075e+02
4.957269705633856347e+02
5.437161256901179058e+02
5.914071997786249995e+02
6.387981662832206666e+02
6.858871557321332375e+02
7.326724545220226901e+02
7.791525034402603751e+02
8.253258959303115034e+02
8.711913761158589296e+02
9.167478365996039429e+02
9.619943160528039243e+02
1.006929996611636398e+03
1.051554201096482529e+03
1.095866390070033958e+03
1.139866158749986425e+03
1.183553233791736830e+03
1.226927469956216555e+03
1.269988846677551464e+03
1.312737464544812610e+03
1.355173541711605822e+03
1.397297410246728532e+03
1.439109512438563797e+03
1.480610397065258894e+03
1.521800715642170417e+03
1.562681218657405680e+03
1.603252751805666094e+03
1.643516252229962902e+03
1.683472744780142420e+03
1.723123338296526981e+03
1.762469221926344744e+03
1.801511661480013345e+03
1.840251995833760020e+03
1.878691633384439228e+03
1.916832048561879219e+03
1.954674778403524670e+03
1.992221419195625685e+03
2.029473623184705048e+03
2.066433095362582208e+03
2.103101590327750728e+03
2.139480909225500000e+03
2.175572896768726878e+03
2.211379438341049990e+03
2.246902457183438401e+03
2.282143911665250926e+03
2.317105792640267737e+03
2.351790120888010279e+03
2.386198944640368154e+03
2.420334337193331066e+03
2.454198394603356519e+03
2.487793233467760729e+03
2.521120988788283739e+03
2.554183811916821924e+03
2.586983868582212835e+03
2.619523336996770013e+03
2.651804406041173479e+03
2.683829273526230736e+03
2.715600144529910722e+03
2.747119229807995453e+03
2.778388744276614943e+03
2.809410905564885979e+03
2.840187932635842571e+03
2.870722044473795904e+03
2.901015458836232483e+03
2.931070391068377376e+03
2.960889052978504878e+03
2.990473651772076209e+03
3.019826389042831124e+03
3.048949459818915784e+03
3.077845051662164678e+03
3.106515343818704423e+03
3.134962506418999055e+03
3.163188699725562401e+03
3.191196073426531257e+03
3.218986765973352703e+03
3.246562903960877065e+03
3.273926601548168946e+03
3.301079959918386066e+03
3.328025066776138829e+03
3.354763995880753100e+03
3.381298806613915076e+03
3.407631543580226662e+03
3.433764236239224829e+03
3.459698898567461129e+03
3.485437528749313969e+03
3.510982108895188503e+03
3.536334604785859028e+03
3.561496965641724273e+03
3.586471123915774115e+03
3.611258995109144053e+03
3.635862477608145127e+03
3.660283452541694260e+03
3.684523783658141383e+03
3.708585317220491561e+03
3.732469881919070758e+03
3.756179288800745780e+03
3.779715331213782520e+03
3.803079784767541241e+03
3.826274407306175817e+03
3.849300938895567924e+03
3.872161101822755882e+03
3.894856600607150085e+03
3.917389122022840638e+03
3.939760335131355532e+03
3.961971891324249100e+03
3.984025424374908198e+03
4.005922550499021327e+03
4.027664868423159987e+03
4.049253959460948408e+03
4.070691387596334607e+03
4.091978699573479844e+03
4.113117424992818087e+03
4.134109076412861214e+03
4.154955149457329753e+03
4.175657122927225828e+03
4.196216458917477212e+03
4.216634602937792806e+03
4.236912984037398019e+03
4.257053014933337181e+03
4.277056092142021953e+03
4.296923596113756503e+03
4.316656891369957521e+03
4.336257326642801672e+03
4.355726235017077670e+03
4.375064934073981021e+03
4.394274726036655011e+03
4.413356897917255083e+03
4.432312721665342906e+03
4.451143454317427313e+03
4.469850338147467482e+03
4.488434600818177387e+03
4.506897455532974163e+03
4.525240101188419430e+03
4.543463722527016216e+03
4.561569490290225076e+03
4.579558561371584801e+03
4.597432078969806753e+03
4.615191172741751870e+03
4.632836958955171212e+03
4.650370540641119987e+03
4.667793007745957766e+03
4.685105437282846651e+03
4.702308893482669191e+03
4.719404427944289637e+03
4.736393079784101246e+03
4.753275875784775053e+03
4.770053830543172808e+03
4.786727946617355883e+03
4.803299214672637390e+03
4.819768613626641127e+03
4.836137110793314605e+03
4.852405662025859783e+03
4.868575211858541479e+03
4.884646693647342545e+03
4.900621029709438517e+03
4.916499131461451725e+03
4.932281899556478493e+03
4.947970224019841226e+03
4.963564984383573574e+03
4.979067049819595013e+03
4.994477279271576663e+03
5.009796521585472874e+03
5.025025615638714953e+03
5.040165390468048827e+03
5.055216665396012104e+03
5.070180250156047805e+03
5.085056945016232930e+03
5.099847540901640969e+03
5.114552819515315605e+03
5.129173553457861090e+03
5.143710506345655631e+03
5.158164432927669623e+03
5.172536079200916902e+03
5.186826182524513570e+03
5.201035471732371661e+03
5.215164667244510383e+03
5.229214481177012203e+03
5.243185617450610152e+03
5.257078771897923616e+03
5.270894632369346255e+03
5.284633878837594239e+03
5.298297183500924803e+03
5.311885210885027846e+03
5.325398617943608770e+03
5.338838054157666193e+03
5.352204161633469084e+03
5.365497575199261519e+03
5.378718922500685039e+03
5.391868824094945012e+03
5.404947893543720056e+03
5.417956737504840021e+03
5.430895955822730684e+03
5.443766141617642461e+03
5.456567881373681303e+03
5.469301755025642706e+03
5.481968336044669741e+03
5.494568191522741472e+03
5.507101882256019053e+03
5.519569962827031304e+03
5.531972981685749801e+03
5.544311481229541641e+03
5.556585997882020820e+03
5.568797062170805475e+03
5.580945198804209213e+03
5.593030926746859222e+03
5.605054759294266660e+03
5.617017204146362019e+03
5.628918763480002781e+03
5.640759934020467881e+03
5.652541207111959011e+03
5.664263068787109660e+03
5.675925999835520997e+03
5.687530475871340968e+03
5.699076967399892965e+03
5.710565939883364990e+03
5.721997853805582963e+03
5.733373164735865430e+03
5.744692323391982427e+03
5.755955775702232131e+03
5.767163962866635302e+03
5.778317321417271160e+03
5.789416283277762886e+03
5.800461275821929121e+03
5.811452721931592350e+03
5.822391040053587858e+03
5.833276644255965948e+03
5.844109944283390178e+03
5.854891345611767974e+03
5.865621249502101819e+03
5.876300053053584634e+03
5.886928149255942117e+03
5.897505927041042924e+03
5.908033771333776713e+03
5.918512063102217326e+03
5.928941179407078380e+03
5.939321493450474918e+03
5.949653374623992022e+03
5.959937188556085857e+03
5.970173297158814421e+03
5.980362058673907995e+03
5.990503827718200228e+03
6.000598955328412558e+03
6.010647789005316554e+03
6.020650672757279608e+03
6.030607947143191268e+03
6.040519949314796577e+03
6.050387013058435514e+03
6.060209468836200358e+03
6.069987643826511885e+03
6.079721861964136224e+03
6.089412443979648742e+03
6.099059707438331316e+03
6.108663966778544818e+03
6.118225533349563193e+03
6.127744715448880015e+03
6.137221818358995733e+03
6.146657144383707418e+03
6.156050992883878280e+03
6.165403660312726970e+03
6.174715440250623942e+03
6.183986623439406685e+03
6.193217497816224750e+03
6.202408348546918205e+03
6.211559458058937707e+03
6.220671106073808005e+03
6.229743569639156703e+03
6.238777123160294650e+03
6.247772038431364308e+03
6.256728584666072493e+03
6.265647028527991097e+03
6.274527634160455818e+03
6.283370663216051071e+03
6.292176374885694713e+03
6.300945025927334427e+03
6.309676870694247555e+03
6.318372161162958946e+03
6.327031146960787737e+03
6.335654075393015773e+03
6.344241191469691330e+03
6.352792737932075397e+03
6.361308955278726899e+03
6.369790081791245029e+03
6.378236353559658710e+03
6.386648004507481346e+03
6.395025266416432714e+03
6.403368368950824333e+03
6.411677539681624694e+03
6.419953004110205256e+03
6.428194985691766306e+03
6.436403705858457215e+03
6.444579384042188394e+03
6.452722237697142191e+03
6.460832482321984571e+03
6.468910331481786670e+03
6.476955996829658943e+03
6.484969688128095186e+03
6.492951613270045527e+03
6.500901978299703842e+03
6.508820987433031405e+03
6.516708843078007703e+03
6.524565745854619308e+03
6.532391894614587727e+03
6.540187486460844411e+03
6.547952716766745652e+03
6.555687779195046460e+03
6.563392865716626147e+03
6.571068166628969266e+03
6.578713870574416433e+03
6.586330164558168690e+03
6.593917233966072672e+03
6.601475262582169307e+03
6.609004432606021510e+03
6.616504924669821776e+03
6.623976917855276952e+03
6.631420589710279273e+03
6.638836116265372766e+03
6.646223672049999550e+03
6.653583430108545144e+03
6.660915562016185504e+03
6.668220237894524871e+03
6.675497626427043542e+03
6.682747894874349186e+03
6.689971209089233525e+03
6.697167733531547128e+03
6.704337631282879556e+03
6.711481064061061261e+03
6.718598192234486305e+03
6.725689174836249549e+03
6.732754169578113761e+03
6.739793332864303920e+03
6.746806819805125997e+03
6.753794784230421101e+03
6.760757378702852293e+03
6.767694754531025865e+03
6.774607061782455276e+03
6.781494449296363200e+03
6.788357064696323505e+03
6.795195054402755886e+03
6.802008563645260438e+03
6.808797736474806698e+03
6.815562715775772631e+03
6.822303643277838091e+03
6.829020659567728217e+03
6.835713904100824948e+03
6.842383515212632119e+03
6.849029630130096848e+03
6.855652384982809053e+03
6.862251914814049087e+03
6.868828353591716223e+03
6.875381834219120719e+03
6.881912488545644010e+03
6.888420447377277924e+03
6.894905840487032947e+03
6.901368796625224604e+03
6.907809443529638884e+03
6.914227907935575786e+03
6.920624315585772820e+03
6.926998791240211176e+03
6.933351458685810030e+03
6.939682440746003522e+03
6.945991859290204957e+03
6.952279835243159141e+03
6.958546488594191032e+03
6.964791938406337977e+03
6.971016302825379171e+03
6.977219699088762354e+03
6.983402243534424088e+03
6.989564051609503622e+03
6.995705237878965818e+03
7.001825916034114925e+03
7.007926198901012867e+03
7.014006198448803843e+03
7.020066025797937982e+03
7.026105791228304042e+03
7.032125604187266617e+03
7.038125573297613300e+03
7.044105806365410899e+03
7.050066410387767974e+03
7.056007491560515518e+03
7.061929155285795787e+03
7.067831506179566532e+03
7.073714648079017024e+03
7.079578684049909498e+03
7.085423716393824179e+03
7.091249846655333386e+03
7.097057175629092853e+03
7.102845803366845757e+03
7.108615829184362156e+03
7.114367351668287483e+03
7.120100468682921019e+03
7.125815277376919767e+03
7.131511874189925038e+03
