# d_l
0.000000000000000000e+00
5.158605763659107879e+01
1.044196188116455630e+02
1.584848167520815423e+02
2.137657293905589029e+02
2.702463930742852085e+02
3.279108160569938946e+02
3.867429917401199759e+02
4.467269116315744100e+02
5.078465779928740744e+02
5.700860161478934742e+02
6.334292864289873251e+02
6.978604957387774448e+02
7.633638087084486870e+02
8.299234584358812299e+02
8.975237567894778294e+02
9.661491042659228015e+02
1.035783999392540863e+03
1.106413047667140745e+03
1.178020970030491071e+03
1.250592610868645124e+03
1.324112945544301738e+03
1.398567087458321794e+03
1.473940294644195546e+03
1.550217975899981411e+03
1.627385696463638169e+03
1.705429183239141139e+03
1.784334329581959764e+03
1.864087199653633888e+03
1.944674032356154385e+03
2.026081244857756246e+03
2.108295435722495768e+03
2.191303387656583254e+03
2.275092069885045021e+03
2.359648640172682462e+03
2.444960446503640469e+03
2.531015028434143005e+03
2.617800118133121487e+03
2.705303641125547074e+03
2.793513716753256176e+03
2.882418658368021624e+03
2.972006973271522384e+03
3.062267362416635933e+03
3.153188719884291459e+03
3.244760132149850961e+03
3.336970877152672529e+03
3.429810423182151226e+03
3.523268427593202887e+03
3.617334735363731397e+03
3.711999377506242126e+03
3.807252569345272150e+03
3.903084708671953649e+03
3.999486373786520289e+03
4.096448321439124811e+03
4.193961484678884517e+03
4.292016970620618849e+03
4.390606058138277149e+03
4.489720195493629035e+03
4.589350997908277350e+03
4.689490245086729374e+03
4.790129878697738604e+03
4.891261999820713754e+03
4.992878866363670568e+03
5.094972890458717302e+03
5.197536635840700001e+03
5.300562815214306283e+03
5.404044287614522545e+03
5.507974055765030243e+03
5.612345263438762231e+03
5.717151192824543614e+03
5.822385261903476930e+03
5.928041021838388588e+03
6.034112154379363346e+03
6.140592469288249958e+03
6.247475901784644520e+03
6.354756510015661661e+03
6.462428472551657251e+03
6.570486085909764370e+03
6.678923762106896902e+03
6.787736026243869674e+03
6.896917514121798376e+03
7.006462969892119872e+03
7.116367243741164202e+03
7.226625289610176878e+03
7.337232162951581813e+03
7.448183018522084240e+03
7.559473108213103842e+03
7.671097778918999211e+03
7.783052470443346465e+03
7.895332713443491230e+03
8.007934127413531314e+03
8.120852418705767377e+03
8.234083378590557913e+03
8.347622881354607671e+03
8.461466882437403910e+03
8.575611416605706836e+03
8.690052596165807699e+03
8.804786609213226257e+03
8.919809717919584727e+03
9.035118256856239896e+03
9.150708631354234967e+03
9.266577315900223766e+03
9.382720852567845213e+03
9.499135849484035134e+03
9.615818979329909780e+03
9.732766977875489829e+03
9.849976642547931988e+03
9.967444831032587899e+03
1.008516845990638831e+04
1.020314450330296131e+04
1.032136999160894811e+04
1.043984201019087050e+04
1.055855769815203166e+04
1.067751424711885011e+04
1.079670890005600086e+04
1.091613895010983106e+04
1.103580173947945877e+04
1.115569465831491289e+04
1.127581514364184659e+04
1.139616067831214241e+04
1.151672878997989028e+04
1.163751705010220394e+04
1.175852307296424260e+04
1.187974451472795590e+04
1.200117907250398457e+04
1.212282448344615477e+04
1.224467852386807863e+04
1.236673900838134614e+04
1.248900378905470461e+04
1.261147075459387452e+04
1.273413782954137605e+04
1.285700297349590619e+04
1.298006418035089155e+04
1.310331947755157307e+04
1.322676692537032977e+04
1.335040461619969574e+04
1.347423067386264302e+04
1.359824325293973925e+04
1.372244053811272533e+04
1.384682074352407653e+04
1.397138211215221963e+04
1.409612291520192593e+04
1.422104145150955992e+04
1.434613604696275797e+04
1.447140505393420790e+04
1.459684685072913635e+04
1.472245984104618765e+04
1.484824245345132476e+04
1.497419314086440500e+04
1.510031038005817209e+04
1.522659267116925184e+04
1.535303853722091480e+04
1.547964652365726943e+04
1.560641519788861297e+04
1.573334314884760533e+04
1.586042898655604768e+04
1.598767134170196732e+04
1.611506886522669811e+04
1.624262022792178141e+04
1.637032412003536956e+04
1.649817925088792254e+04
1.662618434849691766e+04
1.675433815921038331e+04
1.688263944734901452e+04
1.701108699485662146e+04
1.713967960095876333e+04
1.726841608182924392e+04
1.739729527026442520e+04
1.752631601536497328e+04
1.765547718222502226e+04
1.778477765162842843e+04
1.791421631975202035e+04
1.804379209787561558e+04
1.817350391209866211e+04
1.830335070306333364e+04
1.843333142568384574e+04
1.856344504888197116e+04
1.869369055532847779e+04
1.882406694119035092e+04
1.895457321588374180e+04
1.908520840183237669e+04
1.921597153423140480e+04
1.934686166081643387e+04
1.947787784163773176e+04
1.960901914883935751e+04
1.974028466644322179e+04
1.987167349013781131e+04
2.000318472707159890e+04
2.013481749565090286e+04
2.026657092534217372e+04
2.039844415647855931e+04
2.053043634007063156e+04
2.066254663762120254e+04
2.079477422094410940e+04
2.092711827198686296e+04
2.105957798265710153e+04
2.119215255465269729e+04
2.132484119929550798e+04
2.145764313736856639e+04
2.159055759895678784e+04
2.172358382329092274e+04
2.185672105859483418e+04
2.198996856193593339e+04
2.212332559907872565e+04
2.225679144434136106e+04
2.239036538045516863e+04
2.252404669842711883e+04
2.265783469740496730e+04
2.279172868454529089e+04
2.292572797488415381e+04
2.305983189121038959e+04
2.319403976394140409e+04
2.332835093100159429e+04
2.346276473770307712e+04
2.359728053662886305e+04
2.373189768751837619e+04
2.386661555715521172e+04
2.400143351925709067e+04
2.413635095436806296e+04
2.427136724975276593e+04
2.440648179929273829e+04
2.454169400338483320e+04
2.467700326884153765e+04
2.481240900879321998e+04
2.494791064259233826e+04
2.508350759571941308e+04
2.521919929969080113e+04
2.535498519196832785e+04
2.549086471587052802e+04
2.562683732048559978e+04
2.576290246058603952e+04
2.589905959654491380e+04
2.603530819425353548e+04
2.617164772504087159e+04
2.630807766559440643e+04
2.644459749788234330e+04
2.658120670907742533e+04
2.671790479148207305e+04
2.685469124245488274e+04
2.699156556433849619e+04
2.712852726438879472e+04
2.726557585470538106e+04
2.740271085216326537e+04
2.753993177834587550e+04
2.767723815947921321e+04
2.781462952636716000e+04
2.795210541432803802e+04
2.808966536313222241e+04
2.822730891694084494e+04
2.836503562424567644e+04
2.850284503780995874e+04
2.864073671461033155e+04
2.877871021577979263e+04
2.891676510655160018e+04
2.905490095620417560e+04
2.919311733800694856e+04
2.933141382916720977e+04
2.946979001077771682e+04
2.960824546776534044e+04
2.974677978884058393e+04
2.988539256644782654e+04
3.002408339671654903e+04
3.016285187941334516e+04
3.030169761789471522e+04
3.044062021906062000e+04
3.057961929330894054e+04
3.071869445449055274e+04
3.085784531986519869e+04
3.099707151005812921e+04
3.113637264901741219e+04
3.127574836397193212e+04
3.141519828539013906e+04
3.155472204693940512e+04
3.169431928544605034e+04
3.183398964085608895e+04
3.197373275619651031e+04
3.211354827753721111e+04
3.225343585395360424e+04
3.239339513748971513e+04
3.253342578312196201e+04
3.267352744872346739e+04
3.281369979502890055e+04
3.295394248559995322e+04
3.309425518679132801e+04
3.323463756771715998e+04
3.337508930021815468e+04
3.351561005882905010e+04
3.365619952074671164e+04
3.379685736579864169e+04
3.393758327641200594e+04
3.407837693758316163e+04
3.421923803684757149e+04
3.436016626425024879e+04
3.450116131231665349e+04
3.464222287602395954e+04
3.478335065277280955e+04
3.492454434235951339e+04
3.506580364694858872e+04
3.520712827104575990e+04
3.534851792147140077e+04
3.548997230733428296e+04
3.563149114000574627e+04
3.577307413309428375e+04
3.591472100242046145e+04
3.605643146599220927e+04
3.619820524398050475e+04
3.634004205869534053e+04
3.648194163456213573e+04
3.662390369809840195e+04
3.676592797789078031e+04
3.690801420457242057e+04
3.705016211080068024e+04
3.719237143123511487e+04
3.733464190251578839e+04
3.747697326324193273e+04
3.761936525395084755e+04
3.776181761709714920e+04
3.790433009703225980e+04
3.804690243998423830e+04
3.818953439403785160e+04
3.833222570911492221e+04
3.847497613695501059e+04
3.861778543109626480e+04
3.876065334685658308e+04
3.890357964131508197e+04
3.904656407329374633e+04
3.918960640333932679e+04
3.933270639370557910e+04
3.947586380833558360e+04
3.961907841284450114e+04
3.976234997450238006e+04
3.990567826221727591e+04
4.004906304651864775e+04
4.019250409954086354e+04
4.033600119500697474e+04
4.047955410821277474e+04
4.062316261601094448e+04
4.076682649679547467e+04
4.091054553048632079e+04
4.105431949851418904e+04
4.119814818380556972e+04
4.134203137076794519e+04
4.148596884527518705e+04
4.162996039465318609e+04
4.177400580766559870e+04
4.191810487449979701e+04
4.206225738675305911e+04
4.220646313741883932e+04
4.235072192087329313e+04
4.249503353286194033e+04
4.263939777048648830e+04
4.278381443219181529e+04
4.292828331775317929e+04
4.307280422826352151e+04
4.321737696612090804e+04
4.336200133501626988e+04
4.350667713992107019e+04
4.365140418707534991e+04
4.379618228397580242e+04
4.394101123936393560e+04
4.408589086321457580e+04
4.423082096672431362e+04
4.437580136230018979e+04
4.452083186354851932e+04
4.466591228526381747e+04
4.481104244341787853e+04
4.495622215514897107e+04
4.510145123875119316e+04
4.524672951366393681e+04
4.539205680046149064e+04
4.553743292084269342e+04
4.568285769762086420e+04
4.582833095471370325e+04
4.597385251713337493e+04
4.611942221097671427e+04
4.626503986341555719e+04
4.641070530268709990e+04
4.655641835808451287e+04
4.670217885994754761e+04
4.684798663965326705e+04
4.699384152960698702e+04
4.713974336323315219e+04
4.728569197496648121e+04
4.743168720024311187e+04
4.757772887549186271e+04
4.772381683812565461e+04
4.786995092653294705e+04
4.801613098006930522e+04
4.816235683904912003e+04
4.830862834473733528e+04
4.845494533934126230e+04
4.860130766600262723e+04
4.874771516878950933e+04
4.889416769268851931e+04
4.904066508359703585e+04
4.918720718831540580e+04
4.933379385453947179e+04
4.948042493085293972e+04
4.962710026671995729e+04
4.977381971247777983e+04
4.992058311932947254e+04
