# d_v
0.000000000000000000e+00
5.077901106122408237e+01
1.011977199570334562e+02
1.512499498224319154e+02
2.009298072976918377e+02
2.502316878991111082e+02
2.991502804813652574e+02
3.476805708035308271e+02
3.958178442151130412e+02
4.435576874823158278e+02
4.908959897784400255e+02
5.378289428655751863e+02
5.843530404977146873e+02
6.304650770780448283e+02
6.761621456053977681e+02
7.214416349467982172e+02
7.663012264745672155e+02
8.107388901077081300e+02
8.547528797981683510e+02
8.983417285031774782e+02
9.415042426851498476e+02
9.842394963806241321e+02
1.026546824879495716e+03
1.068425818055257423e+03
1.109876313386290803e+03
1.150898388707295680e+03
1.191492354728887676e+03
1.231658747362118447e+03
1.271398319883313206e+03
1.310712034973112850e+03
1.349601056662025940e+03
1.388066742213147791e+03
1.426110633970960862e+03
1.463734451203410572e+03
1.500940081962654403e+03
1.537729574988106833e+03
1.574105131673621145e+03
1.610069098118897273e+03
1.645623957283471327e+03
1.680772321259941464e+03
1.715516923681447452e+03
1.749860612276831716e+03
1.783806341585353493e+03
1.817357165841380947e+03
1.850516232038066846e+03
1.883286773177690293e+03
1.915672101715069402e+03
1.947675603199285888e+03
1.979300730117830653e+03
2.010550995946249031e+03
2.041429969405389556e+03
2.071941268927486817e+03
2.102088557331460834e+03
2.131875536707078027e+03
2.161305943506926724e+03
2.190383543844540327e+03
2.219112128996430329e+03
2.247495511105301830e+03
2.275537519081262872e+03
2.303241994697457358e+03
2.330612788876200739e+03
2.357653758161388396e+03
2.384368761372723839e+03
2.410761656437062811e+03
2.436836297392020242e+03
2.462596531556831906e+03
2.488046196865366255e+03
2.513189119356094125e+03
2.538029110813773514e+03
2.562569966557577573e+03
2.586815463370406178e+03
2.610769357564105121e+03
2.634435383175386960e+03
2.657817250287260322e+03
2.680918643470872667e+03
2.703743220342723816e+03
2.726294610232298965e+03
2.748576412955287651e+03
2.770592197687612043e+03
2.792345501935669745e+03
2.813839830598238677e+03
2.835078655115672973e+03
2.856065412702106187e+03
2.876803505656534071e+03
2.897296300748751491e+03
2.917547128676284501e+03
2.937559283588547260e+03
2.957336022674632204e+03
2.976880565811235101e+03
2.996196095267368037e+03
3.015285755462643010e+03
3.034152652776021569e+03
3.052799855402066441e+03
3.071230393251846181e+03
3.089447257895772054e+03
3.107453402545749668e+03
3.125251742074160575e+03
3.142845153067286446e+03
3.160236473910915265e+03
3.177428504905936734e+03
3.194424008411898740e+03
3.211225709016525343e+03
3.227836293729349563e+03
3.244258412197669713e+03
3.260494676943153991e+03
3.276547663617471699e+03
3.292419911275455888e+03
3.308113922664335405e+03
3.323632164527683926e+03
3.338977067922791775e+03
3.354151028550238607e+03
3.369156407094515089e+03
3.383995529574605371e+03
3.398670687703493513e+03
3.413184139255639366e+03
3.427538108441497116e+03
3.441734786288227951e+03
3.455776331025784202e+03
3.469664868477626442e+03
3.483402492455334595e+03
3.496991265156467307e+03
3.510433217565026098e+03
3.523730349853942698e+03
3.536884631789044761e+03
3.549898003133975635e+03
3.562772374055597993e+03
3.575509625529431105e+03
3.588111609744708858e+03
3.600580150508661518e+03
3.612917043649680636e+03
3.625124057419010114e+03
3.637202932890676493e+03
3.649155384359360596e+03
3.660983099735950418e+03
3.672687740940538333e+03
3.684270944292627519e+03
3.695734320898360693e+03
3.707079457034570623e+03
3.718307914529489608e+03
3.729421231139961037e+03
3.740420920925016162e+03
3.751308474615683735e+03
3.762085359980933390e+03
3.772753022189632247e+03
3.783312884168441087e+03
3.793766346955569134e+03
3.804114790050310603e+03
3.814359571758312995e+03
3.824502029532522101e+03
3.834543480309765528e+03
3.844485220842931994e+03
3.854328528028731853e+03
3.864074659231006535e+03
3.873724852599585574e+03
3.883280327384659813e+03
3.892742284246701274e+03
3.902111905561909225e+03
3.911390355723178345e+03
3.920578781436642657e+03
3.929678312013760660e+03
3.938690059658998052e+03
3.947615119753107592e+03
3.956454571132043384e+03
3.965209476361536872e+03
3.973880882007355467e+03
3.982469818901296549e+03
3.990977302402927762e+03
3.999404332657138184e+03
4.007751894847514450e+03
4.016020959445598692e+03
4.024212482456072848e+03
4.032327405657899817e+03
4.040366656841475560e+03
4.048331150041839919e+03
4.056221785767989786e+03
4.064039451228339203e+03
4.071785020552385959e+03
4.079459355008618331e+03
4.087063303218726560e+03
4.094597701368162234e+03
4.102063373413090630e+03
4.109461131283800569e+03
4.116791775084606343e+03
4.124056093290306308e+03
4.131254862939241320e+03
4.138388849823004421e+03
4.145458808672855412e+03
4.152465483342888547e+03
4.159409606990003340e+03
4.166291902250731255e+03
4.173113081414969201e+03
4.179873846596658950e+03
4.186574889901478855e+03
4.193216893591581538e+03
4.199800530247431197e+03
4.206326462926799650e+03
4.212795345320939305e+03
4.219207821908024926e+03
4.225564528103856901e+03
4.231866090409926983e+03
4.238113126558843760e+03
4.244306245657202453e+03
4.250446048325914489e+03
4.256533126838054159e+03
4.262568065254271460e+03
4.268551439555794786e+03
4.274483817775092575e+03
4.280365760124200278e+03
4.286197819120796339e+03
4.291980539712028076e+03
4.297714459396152961e+03
4.303400108342029853e+03
4.309038009506482013e+03
4.314628678749598294e+03
4.320172624947991608e+03
4.325670350106047408e+03
4.331122349465214029e+03
4.336529111611370354e+03
4.341891118580277180e+03
4.347208845961194129e+03
4.352482762998653016e+03
4.357713332692447693e+03
4.362901011895862212e+03
4.368046251412170932e+03
4.373149496089445165e+03
4.378211184913698162e+03
4.383231751100393922e+03
4.388211622184349835e+03
4.393151220108078633e+03
4.398050961308572369e+03
4.402911256802578464e+03
4.407732512270388725e+03
4.412515128138166801e+03
4.417259499658841378e+03
4.421966016991598735e+03
4.426635065279988339e+03
4.431267024728684191e+03
4.435862270678909226e+03
4.440421173682553672e+03
4.444944099575022847e+03
4.449431409546822579e+03
4.453883460213910439e+03
4.458300603686840986e+03
4.462683187638721392e+03
4.467031555372004732e+03
4.471346045884132764e+03
4.475626993932064579e+03
4.479874730095696577e+03
4.484089580840208328e+03
4.488271868577342502e+03
4.492421911725640712e+03
4.496540024769664342e+03
4.500626518318207673e+03
4.504681699161530560e+03
4.508705870327616140e+03
4.512699331137489935e+03
4.516662377259600362e+03
4.520595300763294290e+03
4.524498390171378560e+03
4.528371930511829305e+03
4.532216203368599054e+03
4.536031486931618019e+03
4.539818056045925005e+03
4.543576182260006135e+03
4.547306133873315957e+03
4.551008175983022738e+03
4.554682570529969780e+03
4.558329576343884582e+03
4.561949449187839491e+03
4.565542441801982022e+03
4.569108803946543958e+03
4.572648782444153767e+03
4.576162621221440531e+03
4.579650561349975760e+03
4.583112841086536719e+03
4.586549695912714014e+03
4.589961358573885263e+03
4.593348059117543016e+03
4.596710024931013322e+03
4.600047480778557656e+03
4.603360648837882763e+03
4.606649748736057518e+03
4.609914997584856792e+03
4.613156610015531442e+03
4.616374798213031681e+03
4.619569771949677488e+03
4.622741738618289673e+03
4.625890903264801636e+03
4.629017468620349973e+03
4.632121635132848496e+03
4.635203600998072943e+03
4.638263562190254561e+03
4.641301712492180741e+03
4.644318243524834543e+03
4.647313344776563099e+03
4.650287203631783996e+03
4.653240005399256916e+03
4.656171933339896896e+03
4.659083168694167398e+03
4.661973890709040461e+03
4.664844276664540303e+03
4.667694501899877650e+03
4.670524739839176618e+03
4.673335162016807772e+03
4.676125938102328291e+03
4.678897235925041059e+03
4.681649221498180850e+03
4.684382059042716719e+03
4.687095911010809687e+03
4.689790938108895716e+03
4.692467299320430357e+03
4.695125151928278683e+03
4.697764651536774181e+03
4.700385952093432934e+03
4.702989205910355849e+03
4.705574563685288012e+03
4.708142174522383357e+03
4.710692185952644650e+03
4.713224743954052428e+03
4.715739992971410175e+03
4.718238075935880261e+03
4.720719134284228858e+03
4.723183307977797995e+03
4.725630735521176575e+03
4.728061553980613098e+03
4.730475899002148253e+03
4.732873904829474668e+03
4.735255704321550184e+03
4.737621428969935550e+03
4.739971208915889292e+03
4.742305172967206090e+03
4.744623448614813242e+03
4.746926162049125196e+03
4.749213438176156160e+03
4.751485400633410791e+03
4.753742171805521139e+03
4.755983872839692594e+03
4.758210623660887904e+03
4.760422542986828375e+03
4.762619748342753155e+03
4.764802356075982971e+03
4.766970481370267407e+03
4.769124238259931190e+03
4.771263739643817644e+03
4.773389097299032983e+03
4.775500421894498686e+03
4.777597823004306520e+03
4.779681409120891658e+03
4.781751287668014811e+03
4.783807565013561543e+03
4.785850346482169698e+03
4.787879736367663099e+03
4.789895837945334279e+03
4.791898753484032568e+03
4.793888584258099399e+03
4.795865430559130800e+03
4.797829391707578907e+03
4.799780566064192499e+03
4.801719051041294733e+03
4.803644943113918998e+03
4.805558337830771052e+03
4.807459329825052919e+03
4.809348012825143996e+03
4.811224479665121180e+03
4.813088822295142563e+03
4.814941131791694716e+03
4.816781498367689892e+03
4.818610011382431367e+03
4.820426759351447799e+03
4.822231829956184811e+03
4.824025310053575595e+03
4.825807285685475108e+03
4.827577842087972385e+03
4.829337063700574618e+03
4.831085034175267538e+03
4.832821836385458482e+03
4.834547552434795762e+03
4.836262263665877072e+03
4.837966050668831485e+03
4.839658993289797763e+03
4.841341170639284428e+03
4.843012661100422520e+03
4.844673542337107392e+03
4.846323891302033189e+03
4.847963784244622730e+03
4.849593296718853708e+03
4.851212503590984852e+03
4.852821479047168395e+03
4.854420296600984329e+03
4.856009029100860062e+03
4.857587748737395486e+03
4.859156527050603472e+03
4.860715434937042119e+03
4.862264542656867889e+03
4.863803919840788694e+03
4.865333635496933312e+03
4.866853758017630753e+03
4.868364355186094144e+03
4.869865494183039118e+03
4.871357241593198523e+03
4.872839663411759830e+03
