# f_ap
0.000000000000000000e+00
1.503963975334571095e-02
3.016085910603719458e-02
4.536708872177696444e-02
6.066173037314506050e-02
7.604815342466836325e-02
9.152969148590345272e-02
1.071096392386426954e-01
1.227912494414961642e-01
1.385777301142274986e-01
1.544722419033978666e-01
1.704778956300507797e-01
1.865977500194004324e-01
2.028348096117421895e-01
2.191920228530986892e-01
2.356722803634632157e-01
2.522784133798797179e-01
2.690131923710439854e-01
2.858793258195787557e-01
3.028794591676824965e-01
3.200161739214257839e-01
3.372919869085927447e-01
3.547093496846685512e-01
3.722706480812670859e-01
3.899782018911066017e-01
4.078342646834225982e-01
4.258410237435983348e-01
4.440006001306764372e-01
4.623150488463704244e-01
4.807863591091552369e-01
4.994164547270443788e-01
5.182071945626889331e-01
5.371603730845061486e-01
5.562777209976405013e-01
5.755609059486812562e-01
5.950115332981882332e-01
6.146311469552430129e-01
6.344212302684046900e-01
6.543832069676437380e-01
6.745184421520119544e-01
6.948282433180101858e-01
7.153138614238393478e-01
7.359764919849197673e-01
7.568172761962850270e-01
7.778373020776918612e-01
7.990376056374876024e-01
8.204191720515130459e-01
8.419829368535282077e-01
8.637297871338677213e-01
8.856605627432493355e-01
9.077760574988427145e-01
9.300770203899437760e-01
9.525641567807656696e-01
9.752381296080575579e-01
9.980995605714462204e-01
1.021149031314569244e+00
1.044387084595238102e+00
1.067814225443028731e+00
1.091430922302848217e+00
1.115237608163181626e+00
1.139234681667852245e+00
1.163422508210259387e+00
1.187801421009188729e+00
1.212371722165402455e+00
1.237133683698321107e+00
1.262087548562220496e+00
1.287233531641452489e+00
1.312571820724305116e+00
1.338102577455174247e+00
1.363825938264812798e+00
1.389742015278497389e+00
1.415850897202015846e+00
1.442152650185417606e+00
1.468647318664557888e+00
1.495334926180507562e+00
1.522215476176907334e+00
1.549288952775462969e+00
1.576555321529741205e+00
1.604014530157500618e+00
1.631666509251823660e+00
1.659511172971303461e+00
1.687548419709625103e+00
1.715778132744851359e+00
1.744200180868747507e+00
1.772814418996528696e+00
1.801620688757396005e+00
1.830618819066227143e+00
1.859808626676854315e+00
1.889189916717298967e+00
1.918762483207378411e+00
1.948526109559114206e+00
1.978480569060331984e+00
2.008625625341880383e+00
2.038961032828899178e+00
2.069486537176514318e+00
2.100201875690418607e+00
2.131106777732717728e+00
2.162200965113463269e+00
2.193484152468261783e+00
2.224956047622392852e+00
2.256616351941775900e+00
2.288464760671227172e+00
2.320500963260355931e+00
2.352724643677475136e+00
2.385135480711921829e+00
2.417733148265109655e+00
2.450517315630702520e+00
2.483487647764226480e+00
2.516643805542475132e+00
2.549985446013043333e+00
2.583512222634292144e+00
2.617223785506078482e+00
2.651119781591535052e+00
2.685199854930244268e+00
2.719463646843033544e+00
2.753910796128719252e+00
2.788540939253077777e+00
2.823353710530271510e+00
2.858348742297039724e+00
2.893525665079870191e+00
2.928884107755407751e+00
2.964423697704342775e+00
3.000144060959013093e+00
3.036044822344921901e+00
3.072125605616412791e+00
3.108386033586700847e+00
3.144825728252460539e+00
3.181444310913172480e+00
3.218241402285413333e+00
3.255216622612288724e+00
3.292369591768165460e+00
3.329699929358880706e+00
3.367207254817619955e+00
3.404891187496578375e+00
3.442751346754612918e+00
3.480787352040991323e+00
3.518998822975406782e+00
3.557385379424408356e+00
3.595946641574328861e+00
3.634682230000926051e+00
3.673591765735792602e+00
3.712674870329671695e+00
3.751931165912833155e+00
3.791360275252562584e+00
3.830961821807929546e+00
3.870735429781910764e+00
3.910680724170960687e+00
3.950797330812164443e+00
3.991084876428014017e+00
4.031542988668975980e+00
4.072171296153836551e+00
4.112969426152385033e+00
4.153937013909915876e+00
4.195073688944075840e+00
4.236379084109994864e+00
4.277852833403333221e+00
4.319494571989331178e+00
4.361303936230211953e+00
4.403280563711023277e+00
4.445424093263949494e+00
4.487734164991203478e+00
4.530210420286518769e+00
4.572852501855286356e+00
4.615660053733458668e+00
4.658632721305169255e+00
4.701770151319226265e+00
4.745071991904435293e+00
4.788537892583875966e+00
4.832167504288094939e+00
4.875960479367348555e+00
4.919916471602868491e+00
4.964035136217200161e+00
5.008316129883687573e+00
5.052759110735112635e+00
5.097363738371520014e+00
5.142129673867271933e+00
5.187056579777375553e+00
5.232144120143106036e+00
5.277391960496930601e+00
5.322799767866801979e+00
5.368367210779840804e+00
5.414093959265414036e+00
5.459979684857638738e+00
5.506024060597368930e+00
5.552226761033631774e+00
5.598587462224614342e+00
5.645105841738137009e+00
5.691781578651686324e+00
5.738614353552040193e+00
5.785603848534443649e+00
5.832749747201431134e+00
5.880051734661250862e+00
5.927509497525951687e+00
5.975122723909096045e+00
6.022891103423194892e+00
6.070814327176797143e+00
6.118892087771318877e+00
6.167124079297571448e+00
6.215509997332008041e+00
6.264049538932786376e+00
6.312742402635519667e+00
6.361588288448825956e+00
6.410586897849681165e+00
6.459737933778559871e+00
6.509041100634346044e+00
6.558496104269121219e+00
6.608102651982753706e+00
6.657860452517305738e+00
6.707769216051310934e+00
6.757828654193906992e+00
6.808038479978830715e+00
6.858398407858254942e+00
6.908908153696557974e+00
6.959567434763947347e+00
7.010375969729965462e+00
7.061333478656933060e+00
7.112439682993281664e+00
7.163694305566775000e+00
7.215097070577710880e+00
7.266647703592002294e+00
7.318345931534173232e+00
7.370191482680363393e+00
7.422184086651214763e+00
7.474323474404699574e+00
7.526609378228954483e+00
7.579041531735041026e+00
7.631619669849618148e+00
7.684343528807690227e+00
7.737212846145203216e+00
7.790227360691711844e+00
7.843386812562945565e+00
7.896690943153426900e+00
7.950139495128994760e+00
8.003732212419368608e+00
8.057468840210715300e+00
8.111349124938131538e+00
8.165372814278196500e+00
8.219539657141492484e+00
8.273849403665126445e+00
8.328301805205240882e+00
8.382896614329554907e+00
8.437633584809912435e+00
8.492512471614794833e+00
8.547533030901899309e+00
8.602695020010708404e+00
8.657998197455048839e+00
8.713442322915728511e+00
8.769027157233116654e+00
8.824752462399789721e+00
8.880618001553221674e+00
8.936623538968405001e+00
8.992768840050592516e+00
9.049053671328030291e+00
9.105477800444685244e+00
9.162040996153042016e+00
9.218743028306905174e+00
9.275583667854265357e+00
9.332562686830119247e+00
9.389679858349404995e+00
9.446934956599944755e+00
9.504327756835362351e+00
9.561858035368134168e+00
9.619525569562584977e+00
9.677330137827988565e+00
9.735271519611634616e+00
9.793349495391987958e+00
9.851563846671890445e+00
9.909914355971720212e+00
9.968400806822675264e+00
1.002702298376007839e+01
1.008578067231666431e+01
1.014467365901597695e+01
1.020370173136577385e+01
1.026286467785145362e+01
1.032216228792955626e+01
1.038159435202128122e+01
1.044116066150607303e+01
1.050086100871518724e+01
1.056069518692536846e+01
1.062066299035255490e+01
1.068076421414554211e+01
1.074099865437983858e+01
1.080136610805138275e+01
1.086186637307050162e+01
1.092249924825569884e+01
1.098326453332766128e+01
1.104416202890322118e+01
1.110519153648933788e+01
1.116635285847721448e+01
1.122764579813635422e+01
1.128907015960872506e+01
1.135062574790293510e+01
1.141231236888845402e+01
1.147412982928987546e+01
1.153607793668126469e+01
1.159815649948044225e+01
1.166036532694341687e+01
1.172270422915880062e+01
1.178517301704230391e+01
1.184777150233119869e+01
1.191049949757890936e+01
1.197335681614960379e+01
1.203634327221279854e+01
1.209945868073806530e+01
1.216270285748971602e+01
1.222607561902157869e+01
1.228957678267174458e+01
1.235320616655747372e+01
1.241696358956999013e+01
1.248084887136944232e+01
1.254486183237981223e+01
1.260900229378394855e+01
1.267327007751852364e+01
1.273766500626916987e+01
1.280218690346554489e+01
1.286683559327645376e+01
1.293161090060506169e+01
1.299651265108406939e+01
1.306154067107100225e+01
1.312669478764347986e+01
1.319197482859451398e+01
1.325738062242792559e+01
1.332291199835369255e+01
1.338856878628338798e+01
1.345435081682568068e+01
1.352025792128180548e+01
1.358628993164111876e+01
1.365244668057666111e+01
1.371872800144074667e+01
1.378513372826068917e+01
1.385166369573436285e+01
1.391831773922599069e+01
1.398509569476187409e+01
1.405199739058068786e+01
1.411902268068708466e+01
1.418617139484189948e+01
1.425344337167772935e+01
1.432083845046845560e+01
1.438835647112520100e+01
1.445599727419232039e+01
1.452376070084333648e+01
1.459164659287703536e+01
1.465965479271354432e+01
1.472778514339037415e+01
1.479603748855862477e+01
1.486441167247906137e+01
1.493290754001836440e+01
1.500152493664535669e+01
1.507026370842720198e+01
1.513912370202572077e+01
1.520810476469371331e+01
1.527720674427126646e+01
1.534642948918215488e+01
1.541577284843017281e+01
1.548523667159566664e+01
1.555482080883187734e+01
1.562452511086148377e+01
1.569434942897312091e+01
1.576429361501785742e+01
1.583435752140582231e+01
1.590454100110274638e+01
1.597484390762662088e+01
1.604526609504430112e+01
1.611580741796820249e+01
1.618646773155301588e+01
1.625724689149236113e+01
1.632814475401561083e+01
1.639916117588463607e+01
1.647029601439054858e+01
1.654154912735064187e+01
1.661292037310512271e+01
1.668440961051406646e+01
1.675601669895426937e+01
1.682774149831618260e+01
1.689958386900084264e+01
1.697154367191690838e+01
1.704362076847753116e+01
1.711581502059748061e+01
1.718812629069015330e+01
1.726055444166460262e+01
1.733309933692266469e+01
1.740576084035600601e+01
1.747853881634336304e+01
1.755143312974755077e+01
1.762444364591278756e+01
1.769757023066175350e+01
1.777081275029292584e+01
1.784417107157767646e+01
1.791764506175770677e+01
1.799123458854218782e+01
1.806493952010512771e+01
1.813875972508266443e+01
1.821269507257042974e+01
1.828674543212091663e+01
1.836091067374084318e+01
1.843519066788855909e+01
1.850958528547143445e+01
1.858409439784342965e+01
1.865871787680241312e+01
1.873345559458764953e+01
1.880830742387745858e+01
