# h
2.943656441150364184e-04
2.959178322403520790e-04
2.975081237871141158e-04
2.991365904054923757e-04
3.008032876872063460e-04
3.025082555275646003e-04
3.042515185052459118e-04
3.060330862782176860e-04
3.078529539941766307e-04
3.097111027138893177e-04
3.116074998458176633e-04
3.135420995904245989e-04
3.155148433925855081e-04
3.175256604005535039e-04
3.195744679299724797e-04
3.216611719314737736e-04
3.237856674604428636e-04
3.259478391476022504e-04
3.281475616691134959e-04
3.303847002149700720e-04
3.326591109545183199e-04
3.349706414980138615e-04
3.373191313531951805e-04
3.397044123759250457e-04
3.421263092140301916e-04
3.445846397435360252e-04
3.470792154965727096e-04
3.496098420802964631e-04
3.521763195862447266e-04
3.547784429896075993e-04
3.574160025379706962e-04
3.600887841291453484e-04
3.627965696777632693e-04
3.655391374703769987e-04
3.683162625088575218e-04
3.711277168419372763e-04
3.739732698847965235e-04
3.768526887266365429e-04
3.797657384262277777e-04
3.827121822954619333e-04
3.856917821709719436e-04
3.887042986739211231e-04
3.917494914580921510e-04
3.948271194464335852e-04
3.979369410562494120e-04
4.010787144132376856e-04
4.042521975546048548e-04
4.074571486215002101e-04
4.106933260410269740e-04
4.139604886981065055e-04
4.172583960974708987e-04
4.205868085160802865e-04
4.239454871462593200e-04
4.273341942298565618e-04
4.307526931837311304e-04
4.342007487168761328e-04
4.376781269394859879e-04
4.411845954642771260e-04
4.447199235003656929e-04
4.482838819400096876e-04
4.518762434385122768e-04
4.554967824875831963e-04
4.591452754824511370e-04
4.628215007830092779e-04
4.665252387692750457e-04
4.702562718914361285e-04
4.740143847147495104e-04
4.777993639595503749e-04
4.816109985366241459e-04
4.854490795781825786e-04
4.893134004646810652e-04
4.932037568477066862e-04
4.971199466691515658e-04
5.010617701768891891e-04
5.050290299371558824e-04
5.090215308438287645e-04
5.130390801247979287e-04
5.170814873456039407e-04
5.211485644105188966e-04
5.252401255612371405e-04
5.293559873733286224e-04
5.334959687506122140e-04
5.376598909175902543e-04
5.418475774100790917e-04
5.460588540641727728e-04
5.502935490036587078e-04
5.545514926260041409e-04
5.588325175870301935e-04
5.631364587843744199e-04
5.674631533398452003e-04
5.718124405807641390e-04
5.761841620203865663e-04
5.805781613374828669e-04
5.849942843551673727e-04
5.894323790190433409e-04
5.938922953747415370e-04
5.983738855449188864e-04
6.028770037057779073e-04
6.074015060631694860e-04
6.119472508283366717e-04
6.165140981933457881e-04
6.211019103062621069e-04
6.257105512461105237e-04
6.303398869976662312e-04
6.349897854261183239e-04
6.396601162516391860e-04
6.443507510238979333e-04
6.490615630965515222e-04
6.537924276017397602e-04
6.585432214246172890e-04
6.633138231779454148e-04
6.681041131767689401e-04
6.729139734131990309e-04
6.777432875313278140e-04
6.825919408022854389e-04
6.874598200994638895e-04
6.923468138739200146e-04
6.972528121299738238e-04
7.021777064010148407e-04
7.071213897255275741e-04
7.120837566233486834e-04
7.170647030721641856e-04
7.220641264842562459e-04
7.270819256835087683e-04
7.321180008826740603e-04
7.371722536609128266e-04
7.422445869416084653e-04
7.473349049704618467e-04
7.524431132938703710e-04
7.575691187375940133e-04
7.627128293857138872e-04
7.678741545598787716e-04
7.730530047988505528e-04
7.782492918383414251e-04
7.834629285911471870e-04
7.886938291275795605e-04
7.939419086561910277e-04
7.992070835047970648e-04
8.044892711017930615e-04
8.097883899577650599e-04
8.151043596473925767e-04
8.204371007916429681e-04
8.257865350402548424e-04
8.311525850545068350e-04
8.365351744902741306e-04
8.419342279813646010e-04
8.473496711231369438e-04
8.527814304563948594e-04
8.582294334515547718e-04
8.636936084930866599e-04
8.691738848642222535e-04
8.746701927319284250e-04
8.801824631321424151e-04
8.857106279552656421e-04
8.912546199319135989e-04
8.968143726189158754e-04
9.023898203855665236e-04
9.079808984001183679e-04
9.135875426165171410e-04
9.192096897613769631e-04
9.248472773211874071e-04
9.305002435297516066e-04
9.361685273558518301e-04
9.418520684911390510e-04
9.475508073382416354e-04
9.532646849990908692e-04
9.589936432634588821e-04
9.647376245977074471e-04
9.704965721337394189e-04
9.762704296581570370e-04
9.820591416016136513e-04
9.878626530283656990e-04
9.936809096260136587e-04
9.995138576954331732e-04
1.005361444140891137e-03
1.011223616460342088e-03
1.017100322735905223e-03
1.022991511624518146e-03
1.028897132348758009e-03
1.034817134687836997e-03
1.040751468968760009e-03
1.046700086057648438e-03
1.052662937351220730e-03
1.058639974768432745e-03
1.064631150742268405e-03
1.070636418211685578e-03
1.076655730613708568e-03
1.082689041875663271e-03
1.088736306407558918e-03
1.094797479094608171e-03
1.100872515289883814e-03
1.106961370807109683e-03
1.113064001913587325e-03
1.119180365323246048e-03
1.125310418189824592e-03
1.131454118100175309e-03
1.137611423067692385e-03
1.143782291525855628e-03
1.149966682321895478e-03
1.156164554710573805e-03
1.162375868348072697e-03
1.168600583285998168e-03
1.174838659965490558e-03
1.181090059211443348e-03
1.187354742226821077e-03
1.193632670587086103e-03
1.199923806234722305e-03
1.206228111473855264e-03
1.212545548964971557e-03
1.218876081719732357e-03
1.225219673095879211e-03
1.231576286792226754e-03
1.237945886843752792e-03
1.244328437616768184e-03
1.250723903804172804e-03
1.257132250420801498e-03
1.263553442798845709e-03
1.269987446583355564e-03
1.276434227727829118e-03
1.282893752489867954e-03
1.289365987426916707e-03
1.295850899392073487e-03
1.302348455529975333e-03
1.308858623272751102e-03
1.315381370336051554e-03
1.321916664715141673e-03
1.328464474681060638e-03
1.335024768776857038e-03
1.341597515813873530e-03
1.348182684868110427e-03
1.354780245276640451e-03
1.361390166634093325e-03
1.368012418789189789e-03
1.374646971841345881e-03
1.381293796137328389e-03
1.387952862267965819e-03
1.394624141064918768e-03
1.401307603597502132e-03
1.408003221169563035e-03
1.414710965316406466e-03
1.421430807801777512e-03
1.428162720614891074e-03
1.434906675967510164e-03
1.441662646291074499e-03
1.448430604233877676e-03
1.455210522658285108e-03
1.462002374638005520e-03
1.468806133455402129e-03
1.475621772598846972e-03
1.482449265760125328e-03
1.489288586831871795e-03
1.496139709905057111e-03
1.503002609266513353e-03
1.509877259396494482e-03
1.516763634966281776e-03
1.523661710835825687e-03
1.530571462051426518e-03
1.537492863843446756e-03
1.544425891624068943e-03
1.551370520985082381e-03
1.558326727695706713e-03
1.565294487700448879e-03
1.572273777116997822e-03
1.579264572234148015e-03
1.586266849509755097e-03
1.593280585568728792e-03
1.600305757201050776e-03
1.607342341359826792e-03
1.614390315159369574e-03
1.621449655873309290e-03
1.628520340932732621e-03
1.635602347924353713e-03
1.642695654588711366e-03
1.649800238818389855e-03
1.656916078656274667e-03
1.664043152293831008e-03
1.671181438069403551e-03
1.678330914466549806e-03
1.685491560112393648e-03
1.692663353776007471e-03
1.699846274366812338e-03
1.707040300933008060e-03
1.714245412660023865e-03
1.721461588868994450e-03
1.728688809015251635e-03
1.735927052686848980e-03
1.743176299603100068e-03
1.750436529613139548e-03
1.757707722694508900e-03
1.764989858951757605e-03
1.772282918615069886e-03
1.779586882038906642e-03
1.786901729700670575e-03
1.794227442199388452e-03
1.801564000254414185e-03
1.808911384704147297e-03
1.816269576504773303e-03
1.823638556729020995e-03
1.831018306564935342e-03
1.838408807314670552e-03
1.845810040393298110e-03
1.853221987327633444e-03
1.860644629755077136e-03
1.868077949422473688e-03
1.875521928184986122e-03
1.882976548004987056e-03
1.890441790950959759e-03
1.897917639196424573e-03
1.905404075018871188e-03
1.912901080798707623e-03
1.920408639018227623e-03
1.927926732260588265e-03
1.935455343208800777e-03
1.942994454644739579e-03
1.950544049448160863e-03
1.958104110595733967e-03
1.965674621160092266e-03
1.973255564308883624e-03
1.980846923303851859e-03
1.988448681499914092e-03
1.996060822344257382e-03
2.003683329375449684e-03
2.011316186222557745e-03
2.018959376604276268e-03
2.026612884328077898e-03
2.034276693289359308e-03
2.041950787470612431e-03
2.049635150940597433e-03
2.057329767853529126e-03
2.065034622448278564e-03
2.072749699047575500e-03
2.080474982057229499e-03
2.088210455965358418e-03
2.095956105341625561e-03
2.103711914836482906e-03
2.111477869180438619e-03
2.119253953183314592e-03
2.127040151733524797e-03
2.134836449797362749e-03
2.142642832418294174e-03
2.150459284716258346e-03
2.158285791886983742e-03
2.166122339201303256e-03
2.173968912004488069e-03
2.181825495715582382e-03
2.189692075826746385e-03
2.197568637902615283e-03
2.205455167579654843e-03
2.213351650565533856e-03
2.221258072638501377e-03
2.229174419646768289e-03
2.237100677507902757e-03
2.245036832208226977e-03
2.252982869802224331e-03
2.260938776411953923e-03
2.268904538226470743e-03
2.276880141501254513e-03
2.284865572557640695e-03
2.292860817782268416e-03
2.300865863626519719e-03
2.308880696605981366e-03
2.316905303299903601e-03
2.324939670350663692e-03
2.332983784463244642e-03
2.341037632404714339e-03
2.349101201003706875e-03
2.357174477149917308e-03
2.365257447793600327e-03
2.373350099945071515e-03
2.381452420674217731e-03
2.389564397110010511e-03
2.397686016440030328e-03
2.405817265909986069e-03
2.413958132823250564e-03
2.422108604540396982e-03
2.430268668478741730e-03
2.438438312111886053e-03
2.446617522969274545e-03
2.454806288635748464e-03
2.463004596751109873e-03
2.471212435009686667e-03
2.479429791159905392e-03
2.487656653003869709e-03
2.495893008396937122e-03
2.504138845247309581e-03
2.512394151515622790e-03
2.520658915214537676e-03
2.528933124408342704e-03
2.537216767212560099e-03
2.545509831793549022e-03
2.553812306368120032e-03
2.562124179203153010e-03
2.570445438615215090e-03
2.578776072970186389e-03
2.587116070682893114e-03
2.595465420216731562e-03
2.603824110083310332e-03
2.612192128842094271e-03
2.620569465100040189e-03
2.628956107511250771e-03
2.637352044776628511e-03
