# mu
-inf
3.356266169518198694e+01
3.509391051733359745e+01
3.599993831016193724e+01
3.664969040498209552e+01
3.715879953110290757e+01
3.757877871000734871e+01
3.793711226245598311e+01
3.825021057969794924e+01
3.852866265202296603e+01
3.877970194081885325e+01
3.900849069493057897e+01
3.921884307310079265e+01
3.941365783039184834e+01
3.959519020217087615e+01
3.976522976427980183e+01
3.992522077784806811e+01
4.007634598914793855e+01
4.021958644331731847e+01
4.035576510712581921e+01
4.048557929160789115e+01
4.060962515789967142e+01
4.072841651876526470e+01
4.084239945889152068e+01
4.095196384270555967e+01
4.105745247271909903e+01
4.115916845170738725e+01
4.125738115571888898e+01
4.135233112121272114e+01
4.144423407506177170e+01
4.153328428183887411e+01
4.161965734274485840e+01
4.170351255065976659e+01
4.178499488328199618e+01
4.186423669918430335e+01
4.194135918845533695e+01
4.201647361940376157e+01
4.208968241484407002e+01
4.216108008522505202e+01
4.223075404090372587e+01
4.229878530191457742e+01
4.236524912041205226e+01
4.243021552840360755e+01
4.249374982131271139e+01
4.255591298621491347e+01
4.261676208219952144e+01
4.267635057916249508e+01
4.273472866038760287e+01
4.279194349348320969e+01
4.284803947358322773e+01
4.290305844216813824e+01
4.295703988439700538e+01
4.301002110744855145e+01
4.306203740203665120e+01
4.311312218898206083e+01
4.316330715248112426e+01
4.321262236150487723e+01
4.326109638058498064e+01
4.330875637108970011e+01
4.335562818396144991e+01
4.340173644477329162e+01
4.344710463186238769e+01
4.349175514821266830e+01
4.353570938768326926e+01
4.357898779611410589e+01
4.362160992778201773e+01
4.366359449763059786e+01
4.370495942965226277e+01
4.374572190176195363e+01
4.378589838746734131e+01
4.382550469460966269e+01
4.386455600142215872e+01
4.390306689012906816e+01
4.394105137828663032e+01
4.397852294804835083e+01
4.401549457351978845e+01
4.405197874635291555e+01
4.408798749971623465e+01
4.412353243076486820e+01
4.415862472172345576e+01
4.419327515968520714e+01
4.422749415522119421e+01
4.426129175988609177e+01
4.429467768269923766e+01
4.432766130567343765e+01
4.436025169845777327e+01
4.439245763215552643e+01
4.442428759237314750e+01
4.445574979155208695e+01
4.448685218063097579e+01
4.451760246008203836e+01
4.454800809036236586e+01
4.457807630181744685e+01
4.460781410407165737e+01
4.463722829493779898e+01
4.466632546887540656e+01
4.469511202502552294e+01
4.472359417484743460e+01
4.475177794938119291e+01
4.477966920615824620e+01
4.480727363578047573e+01
4.483459676818708317e+01
4.486164397862713571e+01
4.488842049335438844e+01
4.491493139506010834e+01
4.494118162805828831e+01
4.496717600323700736e+01
4.499291920278857049e+01
4.501841578473040784e+01
4.504367018722776095e+01
4.506868673272892067e+01
4.509346963192245994e+01
4.511802298752591867e+01
4.514235079791457395e+01
4.516645696059832460e+01
4.519034527555447767e+01
4.521401944842343568e+01
4.523748309357434749e+01
4.526073973704679076e+01
4.528379281937475298e+01
4.530664569829837518e+01
4.532930165136907164e+01
4.535176387845275769e+01
4.537403550413624487e+01
4.539611958004110903e+01
4.541801908704943713e+01
4.543973693744540299e+01
4.546127597697648781e+01
4.548263898683806872e+01
4.550382868558460814e+01
4.552484773097086901e+01
4.554569872172616130e+01
4.556638419926448336e+01
4.558690664933344294e+01
4.560726850360450868e+01
4.562747214120706474e+01
4.564751989020876977e+01
4.566741402904430913e+01
4.568715678789479995e+01
4.570675035001986686e+01
4.572619685304431414e+01
4.574549839020124153e+01
4.576465701153337307e+01
4.578367472505426861e+01
4.580255349787107377e+01
4.582129525727019370e+01
4.583990189176755337e+01
4.585837525212458843e+01
4.587671715233150849e+01
4.589492937055896249e+01
4.591301365007937818e+01
4.593097170015910535e+01
4.594880519692240028e+01
4.596651578418851614e+01
4.598410507428262406e+01
4.600157464882170189e+01
4.601892605947637804e+01
4.603616082870935600e+01
4.605328045049155605e+01
4.607028639099657852e+01
4.608718008927436927e+01
4.610396295790476984e+01
4.612063638363175500e+01
4.613720172797889774e+01
4.615366032784683625e+01
4.617001349609337524e+01
4.618626252209669047e+01
4.620240867230239701e+01
4.621845319075490011e+01
4.623439729961356193e+01
4.625024219965440864e+01
4.626598907075746325e+01
4.628163907238064212e+01
4.629719334402030739e+01
4.631265300565908660e+01
4.632801915820139271e+01
4.634329288389690049e+01
4.635847524675256182e+01
4.637356729293340152e+01
4.638857005115246324e+01
4.640348453305033871e+01
4.641831173356450790e+01
4.643305263128888072e+01
4.644770818882384589e+01
4.646227935311702595e+01
4.647676705579526413e+01
4.649117221348776496e+01
4.650549572814105659e+01
4.651973848732566097e+01
4.653390136453498371e+01
4.654798521947657264e+01
4.656199089835591565e+01
4.657591923415310475e+01
4.658977104689249416e+01
4.660354714390570052e+01
4.661724832008786734e+01
4.663087535814779017e+01
4.664442902885161857e+01
4.665791009126081690e+01
4.667131929296410675e+01
4.668465737030383877e+01
4.669792504859690041e+01
4.671112304235022350e+01
4.672425205547116889e+01
4.673731278147288037e+01
4.675030590367467909e+01
4.676323209539781800e+01
4.677609202015652556e+01
4.678888633184458712e+01
4.680161567491761332e+01
4.681428068457098135e+01
4.682688198691370474e+01
4.683942019913830279e+01
4.685189592968669103e+01
4.686430977841239809e+01
4.687666233673893146e+01
4.688895418781473268e+01
4.690118590666443765e+01
4.691335806033691824e+01
4.692547120804988481e+01
4.693752590133129132e+01
4.694952268415762831e+01
4.696146209308916752e+01
4.697334465740215137e+01
4.698517089921818979e+01
4.699694133363071558e+01
4.700865646882881776e+01
4.702031680621825416e+01
4.703192284053999117e+01
4.704347505998608625e+01
4.705497394631314734e+01
4.706641997495336227e+01
4.707781361512317631e+01
4.708915532992963193e+01
4.710044557647457708e+01
4.711168480595652852e+01
4.712287346377055997e+01
4.713401198960598748e+01
4.714510081754215065e+01
4.715614037614209053e+01
4.716713108854442282e+01
4.717807337255321443e+01
4.718896764072610495e+01
4.719981430046061632e+01
4.721061375407872873e+01
4.722136639890968013e+01
4.723207262737119549e+01
4.724273282704904631e+01
4.725334738077499708e+01
4.726391666670325264e+01
4.727444105838537780e+01
4.728492092484371767e+01
4.729535663064337569e+01
4.730574853596282026e+01
4.731609699666309865e+01
4.732640236435565129e+01
4.733666498646890375e+01
4.734688520631351594e+01
4.735706336314638065e+01
4.736719979223340715e+01
4.737729482491112520e+01
4.738734878864708122e+01
4.739736200709910463e+01
4.740733480017347290e+01
4.741726748408196102e+01
4.742716037139779672e+01
4.743701377111068496e+01
4.744682798868062434e+01
4.745660332609088528e+01
4.746634008189996479e+01
4.747603855129251826e+01
4.748569902612943849e+01
4.749532179499698969e+01
4.750490714325503916e+01
4.751445535308440782e+01
4.752396670353338948e+01
4.753344147056341740e+01
4.754287992709390664e+01
4.755228234304626511e+01
4.756164898538720109e+01
4.757098011817114980e+01
4.758027600258205325e+01
4.758953689697433020e+01
4.759876305691314968e+01
4.760795473521399401e+01
4.761711218198152551e+01
4.762623564464779946e+01
4.763532536800977368e+01
4.764438159426618569e+01
4.765340456305382588e+01
4.766239451148312867e+01
4.767135167417315955e+01
4.768027628328609069e+01
4.768916856856094455e+01
4.769802875734689707e+01
4.770685707463594838e+01
4.771565374309504648e+01
4.772441898309767794e+01
4.773315301275492573e+01
4.774185604794605098e+01
4.775052830234847079e+01
4.775916998746733100e+01
4.776778131266451766e+01
4.777636248518727058e+01
4.778491371019623557e+01
4.779343519079311164e+01
4.780192712804785060e+01
4.781038972102536633e+01
4.781882316681186751e+01
4.782722766054072139e+01
4.783560339541790540e+01
4.784395056274706803e+01
4.785226935195419173e+01
4.786055995061182244e+01
4.786882254446293672e+01
4.787705731744445359e+01
4.788526445171029877e+01
4.789344412765423442e+01
4.790159652393215595e+01
4.790972181748418990e+01
4.791782018355637263e+01
4.792589179572200209e+01
4.793393682590265570e+01
4.794195544438888845e+01
4.794994781986060417e+01
4.795791411940712123e+01
4.796585450854690436e+01
4.797376915124704766e+01
4.798165820994238828e+01
4.798952184555438549e+01
4.799736021750967296e+01
4.800517348375837656e+01
4.801296180079209108e+01
4.802072532366165092e+01
4.802846420599458099e+01
4.803617860001231321e+01
4.804386865654717553e+01
4.805153452505902578e+01
4.805917635365176466e+01
4.806679428908951479e+01
4.807438847681261507e+01
4.808195906095329519e+01
4.808950618435126501e+01
4.809702998856892009e+01
4.810453061390641949e+01
4.811200819941652895e+01
4.811946288291922258e+01
4.812689480101607842e+01
4.813430408910451774e+01
4.814169088139173169e+01
4.814905531090852975e+01
4.815639750952291820e+01
4.816371760795347257e+01
4.817101573578257501e+01
4.817829202146943146e+01
4.818554659236288984e+01
4.819277957471410190e+01
4.819999109368900747e+01
4.820718127338062686e+01
4.821435023682119692e+01
4.822149810599409392e+01
4.822862500184567836e+01
4.823573104429688385e+01
4.824281635225468534e+01
4.824988104362343222e+01
4.825692523531595413e+01
4.826394904326460988e+01
4.827095258243208775e+01
4.827793596682212751e+01
4.828489930949006492e+01
4.829184272255325538e+01
4.829876631720131286e+01
4.830567020370623510e+01
4.831255449143244363e+01
4.831941928884657500e+01
4.832626470352723658e+01
4.833309084217461304e+01
4.833989781061988822e+01
4.834668571383463131e+01
4.835345465593995584e+01
4.836020474021566429e+01
4.836693606910920096e+01
4.837364874424449113e+01
4.838034286643066650e+01
4.838701853567073385e+01
4.839367585117003756e+01
4.840031491134467956e+01
4.840693581382980426e+01
4.841353865548775559e+01
4.842012353241618428e+01
4.842669053995599171e+01
4.843323977269921699e+01
4.843977132449677470e+01
4.844628528846615012e+01
4.845278175699893097e+01
4.845926082176831073e+01
4.846572257373645698e+01
4.847216710316175181e+01
4.847859449960603229e+01
4.848500485194168874e+01
4.849139824835861390e+01
