# rs_dv
inf
2.686272208106446957e+00
1.347918176682355140e+00
9.018597779968696715e-01
6.788751156606674941e-01
5.451197940362082495e-01
4.559790014216389409e-01
3.923320933742290850e-01
3.446187385497561095e-01
3.075276339886105492e-01
2.778719912347653032e-01
2.536238482111392578e-01
2.334312251592187415e-01
2.163581316844462032e-01
2.017359993537727325e-01
1.890745412537152004e-01
1.780060392131231073e-01
1.682492943576128219e-01
1.595855941440121606e-01
1.518422687501971569e-01
1.448811805455793023e-01
1.385905022817182641e-01
1.328787375918371594e-01
1.276703013571705014e-01
1.229022049787814180e-01
1.185215371811489254e-01
1.144835261657503739e-01
1.107500323941527087e-01
1.072883643431393613e-01
1.040703392730305960e-01
1.010715318393943241e-01
9.827066813185707239e-02
9.564913332781012356e-02
9.319056886086801716e-02
9.088054067456791119e-02
8.870626434426963358e-02
8.665637600956584141e-02
8.472074045037254753e-02
8.289028946447186963e-02
8.115688510781982057e-02
7.951320344667489604e-02
7.795263531957087599e-02
7.646920127420685220e-02
7.505747837175702486e-02
7.371253697065174859e-02
7.242988593751842341e-02
7.120542500294022026e-02
7.003540319796271174e-02
6.891638248462458871e-02
6.784520583856093467e-02
6.681896916043997270e-02
6.583499649075723326e-02
6.489081808335385448e-02
6.398415096013983228e-02
6.311288162543125801e-02
6.227505066508735171e-02
6.146883899489066772e-02
6.069255555567489718e-02
5.994462628063333687e-02
5.922358418391043822e-02
5.852806043969782657e-02
5.785677633820610066e-02
5.720853601954495327e-02
5.658221989910938027e-02
5.597677870887026591e-02
5.539122808827020433e-02
5.482464366646136456e-02
5.427615658457726755e-02
5.374494941276643234e-02
5.323025242196285228e-02
5.273134017494190973e-02
5.224752840520408698e-02
5.177817115572264789e-02
5.132265815265578401e-02
5.088041239181369940e-02
5.045088791804030331e-02
5.003356777975610098e-02
4.962796214275258522e-02
4.923360654896007105e-02
4.885006030735521837e-02
4.847690500545792647e-02
4.811374313100674760e-02
4.776019679441756427e-02
4.741590654353483592e-02
4.708053026299329619e-02
4.675374215122955063e-02
4.643523176883136705e-02
4.612470315249090486e-02
4.582187398935027439e-02
4.552647484699481190e-02
4.523824845477147222e-02
4.495694903248906305e-02
4.468234166289963838e-02
4.441420170466977430e-02
4.415231424283037193e-02
4.389647357394668020e-02
4.364648272348001234e-02
4.340215299302087326e-02
4.316330353526242475e-02
4.292976095475496690e-02
4.270135893263907884e-02
4.247793787369719132e-02
4.225934457419363438e-02
4.204543190909199035e-02
4.183605853734652380e-02
4.163108862406424832e-02
4.143039157842406256e-02
4.123384180632367474e-02
4.104131847679977352e-02
4.085270530133799233e-02
4.066789032525291309e-02
4.048676573037719023e-02
4.030922764835352667e-02
4.013517598387281171e-02
3.996451424724800638e-02
3.979714939575568905e-02
3.963299168321587906e-02
3.947195451731803223e-02
3.931395432423278463e-02
3.915891042008140532e-02
3.900674488886264613e-02
3.885738246646321115e-02
3.871075043040256985e-02
3.856677849498584693e-02
3.842539871155884607e-02
3.828654537357959603e-02
3.815015492623829996e-02
3.801616588037487476e-02
3.788451873045869944e-02
3.775515587640961013e-02
3.762802154905349472e-02
3.750306173901726825e-02
3.738022412888103441e-02
3.725945802841539728e-02
3.714071431274225399e-02
3.702394536326764768e-02
3.690910501124297638e-02
3.679614848382031095e-02
3.668503235247495137e-02
3.657571448367532424e-02
3.646815399168784610e-02
3.636231119341022666e-02
3.625814756513282694e-02
3.615562570113337731e-02
3.605470927401570325e-02
3.595536299670758218e-02
3.585755258603830209e-02
3.576124472781991998e-02
3.566640704336106193e-02
3.557300805734533999e-02
3.548101716701084624e-02
3.539040462608233906e-02
3.530114146291605387e-02
3.521319953254724300e-02
3.512655143818508435e-02
3.504117051898765489e-02
3.495703082587835187e-02
3.487410709829969618e-02
3.479237474186250290e-02
3.471180980685115158e-02
3.463238896754676499e-02
3.455408950233272020e-02
3.447688927454851254e-02
3.440076671405925546e-02
3.432570079951048625e-02
3.425167104123850309e-02
3.417865746480869271e-02
3.410664059515515489e-02
3.403560144129635923e-02
3.396552148160283252e-02
3.389638264959370789e-02
3.382816732024071515e-02
3.376085829675829625e-02
3.369443879786024332e-02
3.362889244546387463e-02
3.356420325282358230e-02
3.350035561307659893e-02
3.343733428818441294e-02
3.337512439825414401e-02
3.331371141122493884e-02
3.325308113290476736e-02
3.319321969734430333e-02
3.313411355753442811e-02
3.307574947641500618e-02
3.301811451818292137e-02
3.296119603988782731e-02
3.290498168330482226e-02
3.284945936707337616e-02
3.279461727909251112e-02
3.274044386916277749e-02
3.268692784186552625e-02
3.263405814967083179e-02
3.258182398626574550e-02
3.253021478009453238e-02
3.247922018810314726e-02
3.242883008968076852e-02
3.237903458079102043e-02
3.232982396828598670e-02
3.228118876439681900e-02
3.223311968139416089e-02
3.218560762641266976e-02
3.213864369643384261e-02
3.209221917342131025e-02
3.204632551960352738e-02
3.200095437289864758e-02
3.195609754247657336e-02
3.191174700445343487e-02
3.186789489771413297e-02
3.182453351985839451e-02
3.178165532326608644e-02
3.173925291127795145e-02
3.169731903448767818e-02
3.165584658714167693e-02
3.161482860364289021e-02
3.157425825515520340e-02
3.153412884630523577e-02
3.149443381197798014e-02
3.145516671420356403e-02
3.141632123913203761e-02
3.137789119409308686e-02
3.133987050473840269e-02
3.130225321226348667e-02
3.126503347070679756e-02
3.122820554432350140e-02
3.119176380503151796e-02
3.115570272992757711e-02
3.112001689887114106e-02
3.108470099213390611e-02
3.104974978811293057e-02
3.101515816110542861e-02
3.098092107914325599e-02
3.094703360188524183e-02
3.091349087856560401e-02
3.088028814599680719e-02
3.084742072662495851e-02
3.081488402663650969e-02
3.078267353411430138e-02
3.075078481724186075e-02
3.071921352255417223e-02
3.068795537323373498e-02
3.065700616745047763e-02
3.062636177674419799e-02
3.059601814444841764e-02
3.056597128415420098e-02
3.053621727821304727e-02
3.050675227627736713e-02
3.047757249387780462e-02
3.044867421103617314e-02
3.042005377091284643e-02
3.039170757848787610e-02
3.036363209927470108e-02
3.033582385806554704e-02
3.030827943770763797e-02
3.028099547790935250e-02
3.025396867407542656e-02
3.022719577617047002e-02
3.020067358760992332e-02
3.017439896417772535e-02
3.014836881297002641e-02
3.012258009136396450e-02
3.009702980601127939e-02
3.007171501185547033e-02
3.004663281117249049e-02
3.002178035263382630e-02
2.999715483039161468e-02
2.997275348318521535e-02
2.994857359346841247e-02
2.992461248655708603e-02
2.990086752979646822e-02
2.987733613174749225e-02
2.985401574139201486e-02
2.983090384735606268e-02
2.980799797715082133e-02
2.978529569643084338e-02
2.976279460826905532e-02
2.974049235244813350e-02
2.971838660476765898e-02
2.969647507636697867e-02
2.967475551306300238e-02
2.965322569470276934e-02
2.963188343453040940e-02
2.961072657856794396e-02
2.958975300500988476e-02
2.956896062363085706e-02
2.954834737520639631e-02
2.952791123094622786e-02
2.950765019193980418e-02
2.948756228861396447e-02
2.946764558020207453e-02
2.944789815422477891e-02
2.942831812598168881e-02
2.940890363805398477e-02
2.938965285981761169e-02
2.937056398696670859e-02
2.935163524104712762e-02
2.933286486899980630e-02
2.931425114271365637e-02
2.929579235858782715e-02
2.927748683710304153e-02
2.925933292240192815e-02
2.924132898187789542e-02
2.922347340577259936e-02
2.920576460678165828e-02
2.918820101966835071e-02
2.917078110088538664e-02
2.915350332820419721e-02
2.913636620035183963e-02
2.911936823665519855e-02
2.910250797669245229e-02
2.908578397995135664e-02
2.906919482549463057e-02
2.905273911163174655e-02
2.903641545559749668e-02
2.902022249323674835e-02
2.900415887869554551e-02
2.898822328411826757e-02
2.897241439935073840e-02
2.895673093164911199e-02
2.894117160539455211e-02
2.892573516181333113e-02
2.891042035870248356e-02
2.889522597016064287e-02
2.888015078632421434e-02
2.886519361310847104e-02
2.885035327195378460e-02
2.883562859957647731e-02
2.882101844772467364e-02
2.880652168293862739e-02
2.879213718631561461e-02
2.877786385327925009e-02
2.876370059335327245e-02
2.874964632993940936e-02
2.873570000009947889e-02
2.872186056584976818e-02
2.870812696816197468e-02
2.869449819507978103e-02
2.868097323620638628e-02
2.866755109377479988e-02
2.865423078245305649e-02
2.864101132915299400e-02
2.862789177284254249e-02
2.861487116436144118e-02
2.860194856624017137e-02
2.858912305252244573e-02
2.857639370859059447e-02
2.856375963099431689e-02
2.855121992728244795e-02
2.853877371583761480e-02
2.852642012571408175e-02
2.851415829647830150e-02
2.850198737805230073e-02
2.848990653055997330e-02
2.847791492417590595e-02
2.846601173897708378e-02
2.845419616479692715e-02
2.844246740108215959e-02
2.843082465675199691e-02
2.841926715005976128e-02
2.840779410845715655e-02
2.839640476846050018e-02
2.838509837551963719e-02
2.837387418388885585e-02
2.836273145650014885e-02
2.835166946483860112e-02
2.834068748881989758e-02
2.832978481666995757e-02
2.831896074480653655e-02
2.830821457772293714e-02
2.829754562787362496e-02
2.828695321556171441e-02
2.827643666882847032e-02
2.826599532334457890e-02
2.825562852230322636e-02
2.824533561631499892e-02
2.823511596330454884e-02
2.822496892840887020e-02
2.821489388387739619e-02
2.820489020897363683e-02
2.819495728987843688e-02
2.818509451959492693e-02
2.817530129785490028e-02
2.816557703102681026e-02
2.815592113202516553e-02
2.814633302022154226e-02
2.813681212135683840e-02
2.812735786745521049e-02
2.811796969673904106e-02
2.810864705354569962e-02
2.809938938824520921e-02
2.809019615715956097e-02
2.808106682248310768e-02
2.807200085220436236e-02
2.806299772002891768e-02
2.805405690530365578e-02
2.804517789294214136e-02
2.803636017335119079e-02
2.802760324235859316e-02
2.801890660114190676e-02
2.801026975615847348e-02
2.800169221907646694e-02
2.799317350670696425e-02
