1.003344e-02 5.487179e-01 5.280262e-01 4.117601e-01 4.417392e-01
3.010033e-02 1.230481e-01 2.181602e-02 7.313458e-03 1.345073e-02
5.016722e-02 1.841369e-01 3.121482e-02 9.693431e-03 1.767336e-02
7.023411e-02 2.646391e-01 3.673631e-02 9.569474e-03 1.743614e-02
9.030100e-02 3.563514e-01 4.441732e-02 1.046196e-02 1.499271e-02
1.103679e-01 4.715128e-01 5.285906e-02 1.093300e-02 1.394891e-02
1.304348e-01 5.746991e-01 5.850325e-02 9.668640e-03 1.302373e-02
1.505017e-01 7.393435e-01 6.812291e-02 9.321560e-03 1.385402e-02
1.705686e-01 9.453468e-01 8.615978e-02 8.800941e-03 1.499271e-02
1.906355e-01 1.163114e+00 1.062580e-01 1.051155e-02 1.727008e-02
2.107023e-01 1.295500e+00 1.152151e-01 1.036280e-02 1.852738e-02
2.307692e-01 1.366111e+00 1.093255e-01 9.619057e-03 2.094709e-02
2.508361e-01 1.487233e+00 1.085402e-01 8.900107e-03 2.040147e-02
2.709030e-01 1.722778e+00 1.157304e-01 8.751358e-03 2.151643e-02
2.909699e-01 1.995489e+00 1.261108e-01 9.420726e-03 2.165877e-02
3.110368e-01 2.271707e+00 1.399514e-01 8.900107e-03 2.094709e-02
3.311037e-01 2.597857e+00 1.625036e-01 9.569474e-03 2.215694e-02
3.511706e-01 2.887027e+00 1.909208e-01 9.966136e-03 2.025913e-02
3.712375e-01 2.906071e+00 2.477308e-01 1.244527e-02 1.857482e-02
3.913043e-01 2.774846e+00 3.356084e-01 1.301548e-02 1.681935e-02
4.113712e-01 2.716843e+00 4.680996e-01 1.720522e-02 1.670074e-02
4.314381e-01 2.673084e+00 6.589223e-01 2.436993e-02 1.527738e-02
4.515050e-01 2.603238e+00 8.749966e-01 3.034465e-02 1.743614e-02
4.715719e-01 2.537428e+00 1.158899e+00 3.852581e-02 1.743614e-02
4.916388e-01 2.370964e+00 1.509035e+00 4.536823e-02 1.940512e-02
5.117057e-01 2.088019e+00 1.852423e+00 5.672269e-02 2.265512e-02
5.317726e-01 1.726603e+00 2.229602e+00 7.439894e-02 2.723359e-02
5.518395e-01 1.389111e+00 2.648622e+00 1.037024e-01 3.231023e-02
5.719064e-01 1.084801e+00 3.023519e+00 1.471121e-01 3.999636e-02
5.919732e-01 8.001158e-01 3.302096e+00 2.087434e-01 4.514417e-02
6.120401e-01 5.797635e-01 3.483765e+00 2.895881e-01 4.903469e-02
6.321070e-01 4.232959e-01 3.567422e+00 3.955465e-01 5.404016e-02
6.521739e-01 3.170499e-01 3.574318e+00 5.524016e-01 5.562958e-02
6.722408e-01 2.316944e-01 3.408992e+00 7.714831e-01 6.725367e-02
6.923077e-01 1.696296e-01 3.016574e+00 1.059038e+00 8.049090e-02
7.123746e-01 1.295368e-01 2.581873e+00 1.409836e+00 1.063960e-01
7.324415e-01 9.996831e-02 2.136547e+00 1.784484e+00 1.351004e-01
7.525084e-01 7.456739e-02 1.668840e+00 2.130175e+00 1.699727e-01
7.725753e-01 5.755432e-02 1.274777e+00 2.418548e+00 1.914417e-01
7.926421e-01 4.787401e-02 9.475367e-01 2.669387e+00 2.084508e-01
8.127090e-01 4.059399e-02 7.185298e-01 2.867768e+00 2.264326e-01
8.327759e-01 3.481746e-02 5.389710e-01 2.961628e+00 2.433705e-01
8.528428e-01 2.827600e-02 3.964920e-01 3.008657e+00 2.738778e-01
8.729097e-01 2.466237e-02 2.905776e-01 2.987610e+00 3.121662e-01
8.929766e-01 2.421396e-02 2.194853e-01 2.907310e+00 3.814600e-01
9.130435e-01 2.234120e-02 1.624545e-01 2.764933e+00 4.708231e-01
9.331104e-01 2.131251e-02 1.272397e-01 2.658504e+00 6.011079e-01
9.531773e-01 2.065308e-02 9.732546e-02 2.504054e+00 7.695860e-01
9.732441e-01 1.912323e-02 7.806159e-02 2.243100e+00 9.341262e-01
9.933110e-01 1.746148e-02 6.441738e-02 1.833422e+00 1.050272e+00
1.013378e+00 1.653829e-02 5.300630e-02 1.419208e+00 1.183332e+00
1.033445e+00 1.761974e-02 4.360750e-02 1.109241e+00 1.337838e+00
1.053512e+00 1.769888e-02 4.103080e-02 8.669547e-01 1.545008e+00
1.073579e+00 1.862207e-02 3.857681e-02 6.883576e-01 1.704827e+00
1.093645e+00 1.754061e-02 3.560747e-02 5.349981e-01 1.849179e+00
1.113712e+00 1.970352e-02 3.403692e-02 4.008767e-01 1.950499e+00
1.133779e+00 1.706583e-02 3.060132e-02 3.173545e-01 1.933181e+00
1.153846e+00 1.690757e-02 2.689579e-02 2.428068e-01 1.847993e+00
1.173913e+00 1.463916e-02 2.642953e-02 1.813738e-01 1.749378e+00
1.193980e+00 1.490293e-02 2.292032e-02 1.424513e-01 1.683311e+00
1.214047e+00 1.606351e-02 2.431909e-02 1.108423e-01 1.653041e+00
1.234114e+00 1.390061e-02 2.152154e-02 8.853003e-02 1.642721e+00
1.254181e+00 1.171133e-02 1.914116e-02 6.730861e-02 1.594896e+00
1.274247e+00 1.115741e-02 1.546017e-02 5.292960e-02 1.537274e+00
1.294314e+00 8.889003e-03 1.447857e-02 4.130244e-02 1.468479e+00
1.314381e+00 8.414219e-03 1.200004e-02 3.731103e-02 1.392400e+00
1.334448e+00 9.205525e-03 1.226998e-02 3.793082e-02 1.332951e+00
1.354515e+00 8.466973e-03 1.180372e-02 3.914559e-02 1.296418e+00
1.374582e+00 9.733063e-03 1.200004e-02 4.085620e-02 1.261499e+00
1.394649e+00 9.337410e-03 1.182826e-02 4.745071e-02 1.230873e+00
1.414716e+00 9.733063e-03 1.342335e-02 5.513604e-02 1.178256e+00
1.434783e+00 9.574801e-03 1.516569e-02 6.056535e-02 1.104028e+00
1.454849e+00 1.073538e-02 1.639269e-02 6.773006e-02 9.900167e-01
1.474916e+00 8.546104e-03 1.639269e-02 7.219251e-02 8.624364e-01
1.494983e+00 8.836249e-03 1.703073e-02 7.241563e-02 7.383670e-01
1.515050e+00 7.332768e-03 1.511661e-02 7.489477e-02 6.312356e-01
1.535117e+00 6.515085e-03 1.148470e-02 8.084470e-02 5.385750e-01
1.555184e+00 5.354503e-03 1.280986e-02 8.386925e-02 4.683323e-01
1.575251e+00 5.169865e-03 1.126384e-02 8.659630e-02 4.256790e-01
1.595318e+00 5.565518e-03 1.092028e-02 9.066209e-02 3.871060e-01
1.615385e+00 4.141168e-03 9.889601e-03 8.942252e-02 3.512848e-01
1.635452e+00 4.589574e-03 1.060126e-02 8.731525e-02 3.092720e-01
1.655518e+00 4.747835e-03 9.791442e-03 7.489477e-02 2.669983e-01
1.675585e+00 4.404936e-03 1.067488e-02 6.671361e-02 2.367993e-01
1.695652e+00 3.640007e-03 1.065034e-02 6.354032e-02 2.135986e-01
1.715719e+00 5.301750e-03 1.300618e-02 6.006952e-02 1.981552e-01
1.735786e+00 4.932473e-03 1.298164e-02 5.411959e-02 1.907774e-01
1.755853e+00 5.908417e-03 1.384053e-02 5.302877e-02 1.796990e-01
1.775920e+00 5.565518e-03 1.298164e-02 5.149170e-02 1.764727e-01
1.795987e+00 5.987548e-03 1.310434e-02 4.720279e-02 1.666278e-01
1.816054e+00 5.222619e-03 1.224544e-02 4.462449e-02 1.549800e-01
1.836120e+00 5.328126e-03 1.119022e-02 3.741020e-02 1.392519e-01
1.856187e+00 5.460011e-03 1.028224e-02 3.225359e-02 1.181387e-01
1.876254e+00 5.539141e-03 8.908003e-03 2.977445e-02 1.042135e-01
1.896321e+00 5.539141e-03 8.294504e-03 2.441951e-02 9.465331e-02
1.916388e+00 5.380880e-03 7.165667e-03 2.305599e-02 8.981390e-02
1.936455e+00 5.934794e-03 7.901865e-03 2.213871e-02 8.623178e-02
1.956522e+00 5.539141e-03 7.509226e-03 2.127101e-02 7.828470e-02
1.976589e+00 5.064358e-03 8.834383e-03 1.737876e-02 7.211681e-02
1.996656e+00 4.985227e-03 7.509226e-03 1.710605e-02 6.727739e-02
2.016722e+00 4.906097e-03 7.386526e-03 1.445338e-02 5.498907e-02
2.036789e+00 4.879720e-03 7.631926e-03 1.048676e-02 4.903469e-02
2.056856e+00 5.222619e-03 7.239286e-03 1.165195e-02 4.568980e-02
2.076923e+00 5.512764e-03 7.263826e-03 8.701776e-03 4.198906e-02
2.096990e+00 5.908417e-03 6.380388e-03 8.106782e-03 4.004381e-02
2.117057e+00 6.356824e-03 6.895727e-03 7.363041e-03 3.703103e-02
2.137124e+00 6.409578e-03 6.012289e-03 6.668882e-03 3.491972e-02
2.157191e+00 8.203205e-03 6.846647e-03 6.346594e-03 3.439782e-02
2.177258e+00 7.253637e-03 7.018427e-03 6.197846e-03 3.079198e-02
2.197324e+00 7.860305e-03 6.699407e-03 5.131816e-03 2.739964e-02
2.217391e+00 9.363787e-03 6.969347e-03 5.801184e-03 2.626096e-02
2.237458e+00 1.062988e-02 7.435606e-03 5.181399e-03 2.571534e-02
2.257525e+00 1.213336e-02 7.852785e-03 4.487240e-03 2.213322e-02
2.277592e+00 1.329394e-02 8.466284e-03 5.652435e-03 2.087592e-02
2.297659e+00 1.487655e-02 9.374262e-03 5.107025e-03 1.817154e-02
2.317726e+00 1.529858e-02 1.025770e-02 4.660780e-03 1.608395e-02
2.337793e+00 1.730322e-02 1.084666e-02 4.214535e-03 1.375913e-02
2.357860e+00 1.849018e-02 1.065034e-02 3.421211e-03 1.174270e-02
2.377926e+00 1.820004e-02 1.121476e-02 3.371628e-03 1.046168e-02
2.397993e+00 2.017830e-02 1.163194e-02 2.404764e-03 8.848543e-03
2.418060e+00 2.073221e-02 9.987761e-03 2.528721e-03 7.923360e-03
2.438127e+00 2.131251e-02 9.693282e-03 1.884145e-03 7.235404e-03
2.458194e+00 2.184004e-02 9.889601e-03 2.404764e-03 6.879564e-03
2.478261e+00 2.379193e-02 9.472422e-03 2.305599e-03 6.286498e-03
2.498328e+00 2.455686e-02 9.153403e-03 2.479138e-03 6.072995e-03
2.518395e+00 0.000000e+00 0.000000e+00 0.000000e+00 0.000000e+00
2.538462e+00 0.000000e+00 0.000000e+00 0.000000e+00 0.000000e+00
2.558528e+00 0.000000e+00 0.000000e+00 0.000000e+00 0.000000e+00
2.578595e+00 0.000000e+00 0.000000e+00 0.000000e+00 0.000000e+00
2.598662e+00 0.000000e+00 0.000000e+00 0.000000e+00 0.000000e+00
2.618729e+00 0.000000e+00 0.000000e+00 0.000000e+00 0.000000e+00
2.638796e+00 0.000000e+00 0.000000e+00 0.000000e+00 0.000000e+00
2.658863e+00 0.000000e+00 0.000000e+00 0.000000e+00 0.000000e+00
2.678930e+00 0.000000e+00 0.000000e+00 0.000000e+00 0.000000e+00
2.698997e+00 0.000000e+00 0.000000e+00 0.000000e+00 0.000000e+00
2.719064e+00 0.000000e+00 0.000000e+00 0.000000e+00 0.000000e+00
2.739130e+00 0.000000e+00 0.000000e+00 0.000000e+00 0.000000e+00
2.759197e+00 0.000000e+00 0.000000e+00 0.000000e+00 0.000000e+00
2.779264e+00 0.000000e+00 0.000000e+00 0.000000e+00 0.000000e+00
2.799331e+00 0.000000e+00 0.000000e+00 0.000000e+00 0.000000e+00
2.819398e+00 0.000000e+00 0.000000e+00 0.000000e+00 0.000000e+00
2.839465e+00 0.000000e+00 0.000000e+00 0.000000e+00 0.000000e+00
2.859532e+00 0.000000e+00 0.000000e+00 0.000000e+00 0.000000e+00
2.879599e+00 0.000000e+00 0.000000e+00 0.000000e+00 0.000000e+00
2.899666e+00 0.000000e+00 0.000000e+00 0.000000e+00 0.000000e+00
2.919732e+00 0.000000e+00 0.000000e+00 0.000000e+00 0.000000e+00
2.939799e+00 0.000000e+00 0.000000e+00 0.000000e+00 0.000000e+00
2.959866e+00 0.000000e+00 0.000000e+00 0.000000e+00 0.000000e+00
2.979933e+00 0.000000e+00 0.000000e+00 0.000000e+00 0.000000e+00
3.000000e+00 0.000000e+00 0.000000e+00 0.000000e+00 0.000000e+00
3.020067e+00 0.000000e+00 0.000000e+00 0.000000e+00 0.000000e+00
3.040134e+00 0.000000e+00 0.000000e+00 0.000000e+00 0.000000e+00
3.060201e+00 0.000000e+00 0.000000e+00 0.000000e+00 0.000000e+00
3.080268e+00 0.000000e+00 0.000000e+00 0.000000e+00 0.000000e+00
3.100334e+00 0.000000e+00 0.000000e+00 0.000000e+00 0.000000e+00
3.120401e+00 0.000000e+00 0.000000e+00 0.000000e+00 0.000000e+00
3.140468e+00 0.000000e+00 0.000000e+00 0.000000e+00 0.000000e+00
3.160535e+00 0.000000e+00 0.000000e+00 0.000000e+00 0.000000e+00
3.180602e+00 0.000000e+00 0.000000e+00 0.000000e+00 0.000000e+00
3.200669e+00 0.000000e+00 0.000000e+00 0.000000e+00 0.000000e+00
3.220736e+00 0.000000e+00 0.000000e+00 0.000000e+00 0.000000e+00
3.240803e+00 0.000000e+00 0.000000e+00 0.000000e+00 0.000000e+00
3.260870e+00 0.000000e+00 0.000000e+00 0.000000e+00 0.000000e+00
3.280936e+00 0.000000e+00 0.000000e+00 0.000000e+00 0.000000e+00
3.301003e+00 0.000000e+00 0.000000e+00 0.000000e+00 0.000000e+00
3.321070e+00 0.000000e+00 0.000000e+00 0.000000e+00 0.000000e+00
3.341137e+00 0.000000e+00 0.000000e+00 0.000000e+00 0.000000e+00
3.361204e+00 0.000000e+00 0.000000e+00 0.000000e+00 0.000000e+00
3.381271e+00 0.000000e+00 0.000000e+00 0.000000e+00 0.000000e+00
3.401338e+00 0.000000e+00 0.000000e+00 0.000000e+00 0.000000e+00
3.421405e+00 0.000000e+00 0.000000e+00 0.000000e+00 0.000000e+00
3.441472e+00 0.000000e+00 0.000000e+00 0.000000e+00 0.000000e+00
3.461538e+00 0.000000e+00 0.000000e+00 0.000000e+00 0.000000e+00
3.481605e+00 0.000000e+00 0.000000e+00 0.000000e+00 0.000000e+00
3.501672e+00 0.000000e+00 0.000000e+00 0.000000e+00 0.000000e+00
3.521739e+00 0.000000e+00 0.000000e+00 0.000000e+00 0.000000e+00
3.541806e+00 0.000000e+00 0.000000e+00 0.000000e+00 0.000000e+00
3.561873e+00 0.000000e+00 0.000000e+00 0.000000e+00 0.000000e+00
3.581940e+00 0.000000e+00 0.000000e+00 0.000000e+00 0.000000e+00
3.602007e+00 0.000000e+00 0.000000e+00 0.000000e+00 0.000000e+00
3.622074e+00 0.000000e+00 0.000000e+00 0.000000e+00 0.000000e+00
3.642140e+00 0.000000e+00 0.000000e+00 0.000000e+00 0.000000e+00
3.662207e+00 0.000000e+00 0.000000e+00 0.000000e+00 0.000000e+00
3.682274e+00 0.000000e+00 0.000000e+00 0.000000e+00 0.000000e+00
3.702341e+00 0.000000e+00 0.000000e+00 0.000000e+00 0.000000e+00
3.722408e+00 0.000000e+00 0.000000e+00 0.000000e+00 0.000000e+00
3.742475e+00 0.000000e+00 0.000000e+00 0.000000e+00 0.000000e+00
3.762542e+00 0.000000e+00 0.000000e+00 0.000000e+00 0.000000e+00
3.782609e+00 0.000000e+00 0.000000e+00 0.000000e+00 0.000000e+00
3.802676e+00 0.000000e+00 0.000000e+00 0.000000e+00 0.000000e+00
3.822742e+00 0.000000e+00 0.000000e+00 0.000000e+00 0.000000e+00
3.842809e+00 0.000000e+00 0.000000e+00 0.000000e+00 0.000000e+00
3.862876e+00 0.000000e+00 0.000000e+00 0.000000e+00 0.000000e+00
3.882943e+00 0.000000e+00 0.000000e+00 0.000000e+00 0.000000e+00
3.903010e+00 0.000000e+00 0.000000e+00 0.000000e+00 0.000000e+00
3.923077e+00 0.000000e+00 0.000000e+00 0.000000e+00 0.000000e+00
3.943144e+00 0.000000e+00 0.000000e+00 0.000000e+00 0.000000e+00
3.963211e+00 0.000000e+00 0.000000e+00 0.000000e+00 0.000000e+00
3.983278e+00 0.000000e+00 0.000000e+00 0.000000e+00 0.000000e+00
4.003344e+00 0.000000e+00 0.000000e+00 0.000000e+00 0.000000e+00
4.023411e+00 0.000000e+00 0.000000e+00 0.000000e+00 0.000000e+00
4.043478e+00 0.000000e+00 0.000000e+00 0.000000e+00 0.000000e+00
4.063545e+00 0.000000e+00 0.000000e+00 0.000000e+00 0.000000e+00
4.083612e+00 0.000000e+00 0.000000e+00 0.000000e+00 0.000000e+00
4.103679e+00 0.000000e+00 0.000000e+00 0.000000e+00 0.000000e+00
4.123746e+00 0.000000e+00 0.000000e+00 0.000000e+00 0.000000e+00
4.143813e+00 0.000000e+00 0.000000e+00 0.000000e+00 0.000000e+00
4.163880e+00 0.000000e+00 0.000000e+00 0.000000e+00 0.000000e+00
4.183946e+00 0.000000e+00 0.000000e+00 0.000000e+00 0.000000e+00
4.204013e+00 0.000000e+00 0.000000e+00 0.000000e+00 0.000000e+00
4.224080e+00 0.000000e+00 0.000000e+00 0.000000e+00 0.000000e+00
4.244147e+00 0.000000e+00 0.000000e+00 0.000000e+00 0.000000e+00
4.264214e+00 0.000000e+00 0.000000e+00 0.000000e+00 0.000000e+00
4.284281e+00 0.000000e+00 0.000000e+00 0.000000e+00 0.000000e+00
4.304348e+00 0.000000e+00 0.000000e+00 0.000000e+00 0.000000e+00
4.324415e+00 0.000000e+00 0.000000e+00 0.000000e+00 0.000000e+00
4.344482e+00 0.000000e+00 0.000000e+00 0.000000e+00 0.000000e+00
4.364548e+00 0.000000e+00 0.000000e+00 0.000000e+00 0.000000e+00
4.384615e+00 0.000000e+00 0.000000e+00 0.000000e+00 0.000000e+00
4.404682e+00 0.000000e+00 0.000000e+00 0.000000e+00 0.000000e+00
4.424749e+00 0.000000e+00 0.000000e+00 0.000000e+00 0.000000e+00
4.444816e+00 0.000000e+00 0.000000e+00 0.000000e+00 0.000000e+00
4.464883e+00 0.000000e+00 0.000000e+00 0.000000e+00 0.000000e+00
4.484950e+00 0.000000e+00 0.000000e+00 0.000000e+00 0.000000e+00
4.505017e+00 0.000000e+00 0.000000e+00 0.000000e+00 0.000000e+00
4.525084e+00 0.000000e+00 0.000000e+00 0.000000e+00 0.000000e+00
4.545151e+00 0.000000e+00 0.000000e+00 0.000000e+00 0.000000e+00
4.565217e+00 0.000000e+00 0.000000e+00 0.000000e+00 0.000000e+00
4.585284e+00 0.000000e+00 0.000000e+00 0.000000e+00 0.000000e+00
4.605351e+00 0.000000e+00 0.000000e+00 0.000000e+00 0.000000e+00
4.625418e+00 0.000000e+00 0.000000e+00 0.000000e+00 0.000000e+00
4.645485e+00 0.000000e+00 0.000000e+00 0.000000e+00 0.000000e+00
4.665552e+00 0.000000e+00 0.000000e+00 0.000000e+00 0.000000e+00
4.685619e+00 0.000000e+00 0.000000e+00 0.000000e+00 0.000000e+00
4.705686e+00 0.000000e+00 0.000000e+00 0.000000e+00 0.000000e+00
4.725753e+00 0.000000e+00 0.000000e+00 0.000000e+00 0.000000e+00
4.745819e+00 0.000000e+00 0.000000e+00 0.000000e+00 0.000000e+00
4.765886e+00 0.000000e+00 0.000000e+00 0.000000e+00 0.000000e+00
4.785953e+00 0.000000e+00 0.000000e+00 0.000000e+00 0.000000e+00
4.806020e+00 0.000000e+00 0.000000e+00 0.000000e+00 0.000000e+00
4.826087e+00 0.000000e+00 0.000000e+00 0.000000e+00 0.000000e+00
4.846154e+00 0.000000e+00 0.000000e+00 0.000000e+00 0.000000e+00
4.866221e+00 0.000000e+00 0.000000e+00 0.000000e+00 0.000000e+00
4.886288e+00 0.000000e+00 0.000000e+00 0.000000e+00 0.000000e+00
4.906355e+00 0.000000e+00 0.000000e+00 0.000000e+00 0.000000e+00
4.926421e+00 0.000000e+00 0.000000e+00 0.000000e+00 0.000000e+00
4.946488e+00 0.000000e+00 0.000000e+00 0.000000e+00 0.000000e+00
4.966555e+00 0.000000e+00 0.000000e+00 0.000000e+00 0.000000e+00
4.986622e+00 0.000000e+00 0.000000e+00 0.000000e+00 0.000000e+00
5.006689e+00 0.000000e+00 0.000000e+00 0.000000e+00 0.000000e+00
5.026756e+00 0.000000e+00 0.000000e+00 0.000000e+00 0.000000e+00
5.046823e+00 0.000000e+00 0.000000e+00 0.000000e+00 0.000000e+00
5.066890e+00 0.000000e+00 0.000000e+00 0.000000e+00 0.000000e+00
5.086957e+00 0.000000e+00 0.000000e+00 0.000000e+00 0.000000e+00
5.107023e+00 0.000000e+00 0.000000e+00 0.000000e+00 0.000000e+00
5.127090e+00 0.000000e+00 0.000000e+00 0.000000e+00 0.000000e+00
5.147157e+00 0.000000e+00 0.000000e+00 0.000000e+00 0.000000e+00
5.167224e+00 0.000000e+00 0.000000e+00 0.000000e+00 0.000000e+00
5.187291e+00 0.000000e+00 0.000000e+00 0.000000e+00 0.000000e+00
5.207358e+00 0.000000e+00 0.000000e+00 0.000000e+00 0.000000e+00
5.227425e+00 0.000000e+00 0.000000e+00 0.000000e+00 0.000000e+00
5.247492e+00 0.000000e+00 0.000000e+00 0.000000e+00 0.000000e+00
5.267559e+00 0.000000e+00 0.000000e+00 0.000000e+00 0.000000e+00
5.287625e+00 0.000000e+00 0.000000e+00 0.000000e+00 0.000000e+00
5.307692e+00 0.000000e+00 0.000000e+00 0.000000e+00 0.000000e+00
5.327759e+00 0.000000e+00 0.000000e+00 0.000000e+00 0.000000e+00
5.347826e+00 0.000000e+00 0.000000e+00 0.000000e+00 0.000000e+00
5.367893e+00 0.000000e+00 0.000000e+00 0.000000e+00 0.000000e+00
5.387960e+00 0.000000e+00 0.000000e+00 0.000000e+00 0.000000e+00
5.408027e+00 0.000000e+00 0.000000e+00 0.000000e+00 0.000000e+00
5.428094e+00 0.000000e+00 0.000000e+00 0.000000e+00 0.000000e+00
5.448161e+00 0.000000e+00 0.000000e+00 0.000000e+00 0.000000e+00
5.468227e+00 0.000000e+00 0.000000e+00 0.000000e+00 0.000000e+00
5.488294e+00 0.000000e+00 0.000000e+00 0.000000e+00 0.000000e+00
5.508361e+00 0.000000e+00 0.000000e+00 0.000000e+00 0.000000e+00
5.528428e+00 0.000000e+00 0.000000e+00 0.000000e+00 0.000000e+00
5.548495e+00 0.000000e+00 0.000000e+00 0.000000e+00 0.000000e+00
5.568562e+00 0.000000e+00 0.000000e+00 0.000000e+00 0.000000e+00
5.588629e+00 0.000000e+00 0.000000e+00 0.000000e+00 0.000000e+00
5.608696e+00 0.000000e+00 0.000000e+00 0.000000e+00 0.000000e+00
5.628763e+00 0.000000e+00 0.000000e+00 0.000000e+00 0.000000e+00
5.648829e+00 0.000000e+00 0.000000e+00 0.000000e+00 0.000000e+00
5.668896e+00 0.000000e+00 0.000000e+00 0.000000e+00 0.000000e+00
5.688963e+00 0.000000e+00 0.000000e+00 0.000000e+00 0.000000e+00
5.709030e+00 0.000000e+00 0.000000e+00 0.000000e+00 0.000000e+00
5.729097e+00 0.000000e+00 0.000000e+00 0.000000e+00 0.000000e+00
5.749164e+00 0.000000e+00 0.000000e+00 0.000000e+00 0.000000e+00
5.769231e+00 0.000000e+00 0.000000e+00 0.000000e+00 0.000000e+00
5.789298e+00 0.000000e+00 0.000000e+00 0.000000e+00 0.000000e+00
5.809365e+00 0.000000e+00 0.000000e+00 0.000000e+00 0.000000e+00
5.829431e+00 0.000000e+00 0.000000e+00 0.000000e+00 0.000000e+00
5.849498e+00 0.000000e+00 0.000000e+00 0.000000e+00 0.000000e+00
5.869565e+00 0.000000e+00 0.000000e+00 0.000000e+00 0.000000e+00
5.889632e+00 0.000000e+00 0.000000e+00 0.000000e+00 0.000000e+00
5.909699e+00 0.000000e+00 0.000000e+00 0.000000e+00 0.000000e+00
5.929766e+00 0.000000e+00 0.000000e+00 0.000000e+00 0.000000e+00
5.949833e+00 0.000000e+00 0.000000e+00 0.000000e+00 0.000000e+00
5.969900e+00 0.000000e+00 0.000000e+00 0.000000e+00 0.000000e+00
