1.401124e-02 7.394942e-02 2.560788e-02 4.968107e-03 7.820790e-03
4.202798e-02 1.730423e-01 2.579530e-02 6.091636e-03 1.424861e-02
7.004470e-02 1.678585e-01 4.521844e-02 8.444026e-03 1.559123e-02
9.806143e-02 3.207473e-01 8.288912e-02 1.465855e-02 1.797439e-02
1.260782e-01 4.750642e-01 9.767798e-02 1.669494e-02 2.077712e-02
1.540949e-01 6.147112e-01 1.194182e-01 1.590496e-02 2.060929e-02
1.821116e-01 8.965266e-01 1.661872e-01 1.787114e-02 1.814222e-02
2.101284e-01 1.515346e+00 2.869344e-01 2.217215e-02 3.119926e-02
2.381451e-01 1.175979e+00 2.215600e-01 1.443032e-02 2.339523e-02
2.661618e-01 1.433303e+00 2.041987e-01 1.558898e-02 2.613085e-02
2.941785e-01 1.848895e+00 2.478835e-01 2.726313e-02 3.631798e-02
3.221953e-01 2.328154e+00 3.108727e-01 2.987888e-02 4.210809e-02
3.502120e-01 3.191447e+00 4.026552e-01 4.032416e-02 5.895804e-02
3.782288e-01 3.253632e+00 4.135083e-01 4.225522e-02 6.088800e-02
4.062455e-01 2.025623e+00 4.139006e-01 4.218504e-02 4.324932e-02
4.342622e-01 2.866711e+00 8.245973e-01 4.936505e-02 4.027876e-02
4.622790e-01 2.083598e+00 8.534083e-01 6.009131e-02 3.492501e-02
4.902957e-01 2.476440e+00 1.435746e+00 6.767513e-02 3.982558e-02
5.183125e-01 1.884828e+00 1.731779e+00 6.319850e-02 3.709003e-02
5.463291e-01 1.251147e+00 2.331643e+00 8.163140e-02 3.727464e-02
5.743458e-01 6.954487e-01 2.540958e+00 1.528877e-01 5.167429e-02
6.023626e-01 4.362026e-01 3.111538e+00 3.011935e-01 7.157871e-02
6.303793e-01 3.315909e-01 3.298726e+00 3.664116e-01 7.921490e-02
6.583961e-01 2.561962e-01 3.983877e+00 5.634849e-01 6.974924e-02
6.864128e-01 1.618458e-01 3.055995e+00 8.086775e-01 8.440079e-02
7.144295e-01 1.351683e-01 2.232193e+00 1.391736e+00 1.137371e-01
7.424463e-01 1.198460e-01 1.894695e+00 2.333850e+00 2.317539e-01
7.704630e-01 6.834235e-02 9.481737e-01 2.373899e+00 2.743151e-01
7.984797e-01 4.591431e-02 6.429065e-01 2.794234e+00 2.747179e-01
8.264965e-01 4.453890e-02 4.626790e-01 3.103468e+00 3.308222e-01
8.545132e-01 3.561701e-02 2.754510e-01 2.929215e+00 3.180344e-01
8.825300e-01 3.556412e-02 2.435732e-01 3.029093e+00 4.033247e-01
9.105467e-01 3.260198e-02 1.713323e-01 2.681109e+00 4.663777e-01
9.385633e-01 2.468506e-02 1.350250e-01 2.846127e+00 7.048615e-01
9.665802e-01 2.565483e-02 1.246319e-01 2.449434e+00 1.023920e+00
9.945968e-01 2.073545e-02 7.638055e-02 1.336756e+00 1.053489e+00
1.022614e+00 1.835514e-02 5.733239e-02 7.894371e-01 1.041491e+00
1.050630e+00 1.461705e-02 3.647805e-02 6.340741e-01 1.381159e+00
1.078647e+00 2.114104e-02 4.860900e-02 5.132772e-01 1.696206e+00
1.106664e+00 1.687404e-02 3.922114e-02 3.172389e-01 1.882294e+00
1.134681e+00 3.140286e-02 4.026028e-02 2.860961e-01 2.046849e+00
1.162697e+00 2.618385e-02 3.801146e-02 2.112761e-01 1.947562e+00
1.190714e+00 1.154911e-02 2.606792e-02 1.491660e-01 1.370904e+00
1.218731e+00 1.271278e-02 3.143484e-02 1.285393e-01 1.902207e+00
1.246747e+00 1.794960e-02 2.141658e-02 7.083499e-02 1.704446e+00
1.274764e+00 8.392902e-03 1.187539e-02 3.888463e-02 1.405309e+00
1.302781e+00 9.397975e-03 7.053642e-03 3.284567e-02 1.168487e+00
1.330798e+00 9.997470e-03 1.027383e-02 4.864529e-02 1.147861e+00
1.358814e+00 1.114352e-02 1.034198e-02 5.659777e-02 1.242197e+00
1.386831e+00 1.197228e-02 1.126202e-02 7.431091e-02 1.257083e+00
1.414848e+00 1.810829e-02 2.247293e-02 9.634261e-02 1.194316e+00
1.442865e+00 1.976564e-02 2.639164e-02 1.150564e-01 1.068411e+00
1.470881e+00 1.555162e-02 3.538763e-02 1.157235e-01 7.560323e-01
1.498898e+00 2.489659e-02 3.230364e-02 1.074730e-01 5.669571e-01
1.526915e+00 1.690930e-02 3.228674e-02 1.061033e-01 4.715636e-01
1.554931e+00 1.163727e-02 2.649387e-02 1.015214e-01 3.588151e-01
1.582948e+00 9.115820e-03 2.037728e-02 1.320147e-01 3.788217e-01
1.610965e+00 1.623928e-02 3.141781e-02 1.391596e-01 3.683660e-01
1.638982e+00 1.183117e-02 2.047950e-02 8.670483e-02 2.478486e-01
1.666998e+00 7.564224e-03 1.587928e-02 6.040724e-02 1.701945e-01
1.695015e+00 1.109067e-02 1.788967e-02 7.020300e-02 1.724770e-01
1.723032e+00 7.158652e-03 1.552149e-02 7.964767e-02 1.995813e-01
1.751049e+00 8.340041e-03 1.780456e-02 6.502451e-02 1.845942e-01
1.779065e+00 8.198984e-03 1.712305e-02 7.090521e-02 1.832516e-01
1.807082e+00 1.140800e-02 1.816235e-02 5.477204e-02 1.673079e-01
1.835099e+00 1.087908e-02 1.315322e-02 4.246588e-02 1.219104e-01
1.863116e+00 8.146052e-03 1.560661e-02 3.293344e-02 9.208693e-02
1.891132e+00 7.123418e-03 1.238652e-02 3.486451e-02 9.633337e-02
1.919149e+00 9.327446e-03 1.034198e-02 2.901865e-02 1.210880e-01
1.947166e+00 1.045586e-02 1.124498e-02 3.058105e-02 1.125288e-01
1.975183e+00 1.059697e-02 1.349398e-02 2.427886e-02 8.834475e-02
2.003199e+00 8.692649e-03 1.323841e-02 1.483403e-02 5.994847e-02
2.031216e+00 8.340077e-03 8.195174e-03 8.935604e-03 4.022824e-02
2.059233e+00 6.083091e-03 3.884648e-03 8.742423e-03 3.648569e-02
2.087249e+00 9.292142e-03 1.139828e-02 1.232376e-02 5.268148e-02
2.115266e+00 7.670050e-03 8.723419e-03 8.391321e-03 4.853570e-02
2.143283e+00 1.671528e-02 6.065451e-03 8.338726e-03 5.293323e-02
2.171299e+00 1.250119e-02 1.008637e-02 1.242909e-02 5.650751e-02
2.199317e+00 1.533997e-02 8.110054e-03 8.935528e-03 3.480771e-02
2.227333e+00 1.359450e-02 7.070680e-03 8.496723e-03 3.737518e-02
2.255350e+00 1.036770e-02 6.934437e-03 7.970000e-03 3.865099e-02
2.283367e+00 2.570767e-02 1.553846e-02 6.881644e-03 2.483846e-02
2.311383e+00 1.853155e-02 1.567476e-02 6.021388e-03 2.144853e-02
2.339400e+00 1.641553e-02 1.381776e-02 8.057843e-03 2.008895e-02
2.367417e+00 2.673034e-02 1.695259e-02 4.248326e-03 1.770580e-02
2.395433e+00 2.251644e-02 1.175617e-02 4.845239e-03 1.965276e-02
2.423450e+00 2.406788e-02 1.267611e-02 6.618316e-03 1.557439e-02
2.451467e+00 2.512581e-02 1.424371e-02 3.563678e-03 1.721924e-02
2.479484e+00 3.440061e-02 7.922569e-03 4.441469e-03 1.528908e-02
2.507500e+00 3.032729e-02 1.437989e-02 4.932973e-03 2.173384e-02
2.535517e+00 4.668993e-02 2.657917e-02 5.319230e-03 1.379542e-02
2.563534e+00 3.020387e-02 1.950826e-02 3.809449e-03 1.178159e-02
2.591551e+00 2.995727e-02 1.347700e-02 3.124828e-03 6.360661e-03
2.619567e+00 2.223414e-02 1.449915e-02 2.861476e-03 5.840445e-03
2.647584e+00 2.958674e-02 1.732757e-02 2.756169e-03 8.038935e-03
2.675601e+00 3.896738e-02 2.022385e-02 5.143678e-03 1.047243e-02
2.703618e+00 5.384858e-02 1.889490e-02 5.933612e-03 1.159698e-02
2.731634e+00 5.113323e-02 2.012179e-02 2.984386e-03 6.058571e-03
2.759651e+00 3.917897e-02 1.543623e-02 3.598788e-03 7.048813e-03
2.787668e+00 4.875289e-02 2.203004e-02 5.003236e-03 9.801124e-03
2.815684e+00 9.731182e-02 3.046356e-02 4.757423e-03 5.185912e-03
2.843701e+00 6.061984e-02 2.640879e-02 2.615727e-03 5.034824e-03
2.871718e+00 4.494435e-02 1.898009e-02 1.702841e-03 3.222314e-03
2.899734e+00 4.393931e-02 1.262500e-02 3.247715e-03 5.336913e-03
2.927751e+00 5.917399e-02 2.622137e-02 3.072136e-03 3.809715e-03
2.955768e+00 5.927928e-02 3.146879e-02 2.422619e-03 2.366367e-03
2.983785e+00 5.702237e-02 3.204834e-02 2.685948e-03 1.728637e-03
3.011802e+00 7.927414e-02 3.937432e-02 1.316630e-03 1.745406e-03
3.039818e+00 6.292967e-02 2.180836e-02 5.793220e-04 8.391373e-04
3.067835e+00 3.392425e-02 1.531710e-02 8.426432e-04 1.040539e-03
3.095852e+00 5.099217e-02 2.429588e-02 1.421972e-03 2.886632e-03
3.123868e+00 7.017655e-02 2.380199e-02 2.089053e-03 2.030729e-03
3.151885e+00 7.574771e-02 3.126433e-02 1.439528e-03 2.467064e-03
3.179902e+00 7.267971e-02 3.412697e-02 1.597511e-03 1.544026e-03
3.207919e+00 4.626715e-02 3.395630e-02 1.351751e-03 2.114626e-03
3.235935e+00 6.012562e-02 2.700489e-02 1.457083e-03 9.062759e-04
3.263952e+00 3.341292e-02 2.375087e-02 8.601982e-04 1.560795e-03
3.291969e+00 5.592965e-02 1.846896e-02 9.304263e-04 8.391444e-04
3.319985e+00 6.564449e-02 2.461981e-02 1.597511e-03 1.678275e-03
3.348002e+00 7.319105e-02 3.729571e-02 1.035758e-03 1.225140e-03
3.376019e+00 7.975020e-02 2.899855e-02 1.685286e-03 1.829335e-03
3.404036e+00 8.572823e-02 3.526821e-02 8.075398e-04 7.216581e-04
3.432053e+00 6.347573e-02 3.182658e-02 4.388766e-04 7.887957e-04
3.460069e+00 5.880321e-02 1.715719e-02 5.617668e-04 9.062683e-04
3.488086e+00 6.876596e-02 2.415958e-02 1.158644e-03 1.527243e-03
3.516103e+00 5.707526e-02 1.363034e-02 2.457709e-04 1.040530e-03
3.544119e+00 2.882856e-02 9.030025e-03 9.655367e-04 9.566246e-04
3.572136e+00 3.912607e-02 1.219916e-02 7.899780e-04 7.048753e-04
3.600153e+00 2.184623e-02 8.604081e-03 2.106626e-04 2.013947e-04
3.628170e+00 1.699739e-02 7.547738e-03 1.931057e-04 2.517412e-04
3.656186e+00 9.768293e-03 4.855810e-03 3.511043e-04 5.202651e-04
3.684203e+00 2.055908e-02 8.791496e-03 3.862114e-04 2.853091e-04
3.712220e+00 1.405282e-02 4.089103e-03 3.159938e-04 3.356549e-04
3.740237e+00 2.191695e-02 7.871456e-03 7.022085e-04 7.552299e-04
3.768253e+00 1.662712e-02 1.076788e-02 2.282159e-04 3.524377e-04
3.796270e+00 1.678580e-02 1.206285e-02 5.617668e-04 4.699209e-04
3.824287e+00 6.753113e-03 6.678811e-03 5.442070e-04 7.887891e-04
3.852304e+00 1.798494e-02 1.141541e-02 5.617668e-04 5.538353e-04
3.880320e+00 2.045329e-02 1.112567e-02 7.899780e-04 8.727028e-04
3.908337e+00 1.405282e-02 1.179025e-02 3.511043e-04 3.356578e-04
3.936354e+00 1.262473e-02 7.479587e-03 6.670925e-04 6.209616e-04
3.964370e+00 8.234213e-03 9.251516e-03 1.105978e-03 4.027893e-04
3.992387e+00 6.047878e-03 6.218844e-03 7.548678e-04 4.699129e-04
4.020404e+00 4.055360e-03 6.985491e-03 5.968823e-04 5.874011e-04
4.048421e+00 5.095734e-03 6.832151e-03 9.479735e-04 2.567782e-03
4.076437e+00 5.536542e-03 7.633057e-03 8.953083e-04 7.384471e-04
4.104454e+00 2.591904e-03 6.815113e-03 9.655286e-04 8.223476e-04
4.132471e+00 3.685150e-03 7.479587e-03 7.197698e-04 6.041840e-04
4.160487e+00 3.103284e-03 5.469129e-03 2.124163e-03 2.097861e-03
4.188504e+00 5.554079e-03 1.267611e-02 2.264603e-03 2.819525e-03
4.216521e+00 5.554174e-03 8.944988e-03 6.144273e-04 7.887824e-04
4.244537e+00 2.539051e-03 4.804655e-03 1.439540e-03 1.006973e-03
4.272554e+00 3.879040e-03 6.491396e-03 2.282159e-03 2.081078e-03
4.300571e+00 3.226711e-03 9.507083e-03 3.072136e-03 3.071217e-03
4.328588e+00 2.027714e-03 9.609310e-03 3.949956e-03 2.869874e-03
4.356605e+00 1.657408e-03 8.962026e-03 4.055220e-03 2.500650e-03
4.384622e+00 1.163732e-03 5.383940e-03 3.528568e-03 3.088051e-03
4.412638e+00 1.198976e-03 4.753542e-03 2.580595e-03 3.104782e-03
4.440655e+00 4.231752e-04 1.874156e-03 4.599505e-03 3.323012e-03
4.468672e+00 1.181364e-03 6.184820e-03 4.213216e-03 3.574755e-03
4.496688e+00 5.113279e-04 3.186066e-03 3.563678e-03 1.879683e-03
4.524705e+00 2.450889e-03 3.680161e-03 2.949251e-03 3.859999e-03
4.552722e+00 2.644845e-04 1.601552e-03 4.388840e-03 2.702045e-03
4.580739e+00 5.289599e-04 1.788967e-03 7.373128e-04 4.027893e-04
4.608755e+00 1.939553e-04 6.304087e-04 1.316630e-03 6.545326e-04
4.636772e+00 5.289689e-05 6.133602e-04 2.089088e-03 1.611130e-03
4.664789e+00 0.000000e+00 5.622469e-04 1.615066e-03 1.728637e-03
4.692805e+00 1.057938e-04 8.348514e-04 1.650176e-03 1.913249e-03
4.720822e+00 8.816149e-05 7.837380e-04 1.790617e-03 2.550956e-03
4.748839e+00 8.992319e-04 1.686769e-03 4.564394e-04 3.020920e-04
4.776855e+00 1.763230e-05 6.815113e-05 2.650815e-03 3.709018e-03
4.804873e+00 3.526460e-05 6.133602e-04 1.018194e-03 4.699209e-04
4.832889e+00 1.763200e-04 6.985491e-04 1.755536e-05 8.391302e-05
4.860906e+00 0.000000e+00 1.703778e-05 9.128634e-04 1.325848e-03
4.888923e+00 7.052919e-05 1.533427e-04 2.808811e-04 2.517433e-04
4.916939e+00 1.763200e-05 2.555668e-04 4.037665e-04 4.027893e-04
4.944956e+00 1.763230e-05 1.022267e-04 0.000000e+00 0.000000e+00
4.972973e+00 0.000000e+00 0.000000e+00 2.106608e-04 2.349604e-04
5.000989e+00 0.000000e+00 3.407615e-05 9.128634e-04 1.258717e-03
5.029006e+00 1.763230e-05 2.385290e-04 0.000000e+00 0.000000e+00
5.057023e+00 7.052919e-05 2.555668e-04 1.755536e-05 3.356578e-05
5.085040e+00 0.000000e+00 1.703778e-05 0.000000e+00 0.000000e+00
5.113056e+00 0.000000e+00 0.000000e+00 3.511013e-04 6.209668e-04
5.141073e+00 3.526460e-05 2.214949e-04 0.000000e+00 0.000000e+00
5.169090e+00 3.526400e-05 1.703778e-05 0.000000e+00 0.000000e+00
5.197106e+00 0.000000e+00 0.000000e+00 0.000000e+00 0.000000e+00
5.225123e+00 0.000000e+00 0.000000e+00 0.000000e+00 0.000000e+00
5.253140e+00 0.000000e+00 0.000000e+00 0.000000e+00 3.356521e-05
5.281157e+00 0.000000e+00 1.703807e-05 0.000000e+00 0.000000e+00
5.309174e+00 0.000000e+00 0.000000e+00 0.000000e+00 0.000000e+00
5.337191e+00 0.000000e+00 0.000000e+00 0.000000e+00 0.000000e+00
5.365207e+00 0.000000e+00 0.000000e+00 0.000000e+00 0.000000e+00
5.393224e+00 0.000000e+00 0.000000e+00 0.000000e+00 0.000000e+00
5.421241e+00 0.000000e+00 0.000000e+00 3.159912e-04 5.370524e-04
5.449257e+00 0.000000e+00 6.815113e-05 0.000000e+00 0.000000e+00
5.477274e+00 7.052799e-05 0.000000e+00 0.000000e+00 0.000000e+00
5.505291e+00 0.000000e+00 0.000000e+00 0.000000e+00 1.678289e-05
5.533307e+00 0.000000e+00 0.000000e+00 0.000000e+00 1.510460e-04
5.561324e+00 0.000000e+00 0.000000e+00 1.931090e-04 4.699129e-04
5.589341e+00 1.763230e-05 5.111335e-05 1.755507e-05 5.034866e-05
