1.003344e-02 2.241685e-02 8.616355e-03 3.725348e-03 2.852980e-03
3.010033e-02 1.716075e-01 2.423969e-02 4.544924e-03 1.619066e-02
5.016722e-02 2.144369e-01 2.844883e-02 4.793281e-03 1.997086e-02
7.023411e-02 2.405987e-01 3.567864e-02 5.662529e-03 1.823530e-02
9.030100e-02 3.060031e-01 6.311232e-02 6.804969e-03 1.148324e-02
1.103679e-01 3.055020e-01 6.254285e-02 6.308256e-03 1.172099e-02
1.304348e-01 5.796996e-01 6.499406e-02 5.016802e-03 1.034205e-02
1.505017e-01 6.607167e-01 6.598444e-02 4.594596e-03 9.438609e-03
1.705686e-01 8.958299e-01 1.022821e-01 7.599710e-03 1.050848e-02
1.906355e-01 1.506069e+00 1.948584e-01 1.311322e-02 1.661861e-02
2.107023e-01 1.509735e+00 1.925557e-01 1.259168e-02 1.540609e-02
2.307692e-01 1.552802e+00 1.883466e-01 8.121258e-03 1.659483e-02
2.508361e-01 1.575482e+00 1.861677e-01 7.177504e-03 1.671371e-02
2.709030e-01 1.799651e+00 1.926300e-01 9.462384e-03 1.828285e-02
2.909699e-01 2.317374e+00 2.053317e-01 1.666472e-02 2.741238e-02
3.110368e-01 2.315476e+00 2.070154e-01 1.708693e-02 2.769768e-02
3.311037e-01 2.884890e+00 2.662899e-01 1.564646e-02 2.227702e-02
3.511706e-01 3.021131e+00 2.818638e-01 1.611834e-02 2.127848e-02
3.712375e-01 2.821384e+00 2.972890e-01 1.517458e-02 2.089808e-02
3.913043e-01 2.364107e+00 3.317544e-01 1.537327e-02 1.592914e-02
4.113712e-01 2.381170e+00 3.329924e-01 1.559679e-02 1.542987e-02
4.314381e-01 2.782247e+00 7.024558e-01 3.573850e-02 1.668993e-02
4.515050e-01 2.886314e+00 7.795573e-01 3.911615e-02 1.799755e-02
4.715719e-01 2.709221e+00 9.870926e-01 4.577211e-02 2.089808e-02
4.916388e-01 2.395781e+00 1.415063e+00 5.866181e-02 2.436920e-02
5.117057e-01 2.393961e+00 1.421674e+00 5.982909e-02 2.474960e-02
5.317726e-01 1.550296e+00 2.439320e+00 7.997080e-02 3.081218e-02
5.518395e-01 1.384306e+00 2.625735e+00 8.759535e-02 3.318967e-02
5.719064e-01 1.070866e+00 2.834211e+00 1.396012e-01 4.296112e-02
5.919732e-01 4.738394e-01 3.226701e+00 2.393412e-01 6.316973e-02
6.120401e-01 4.702263e-01 3.222715e+00 2.351191e-01 6.212364e-02
6.321070e-01 3.263365e-01 4.062735e+00 3.798613e-01 5.988880e-02
6.521739e-01 3.031021e-01 4.190074e+00 4.077517e-01 6.081602e-02
6.722408e-01 2.348758e-01 3.741702e+00 5.613603e-01 6.385920e-02
6.923077e-01 1.199961e-01 2.902969e+00 8.399914e-01 7.132450e-02
7.123746e-01 1.228707e-01 2.895318e+00 8.462749e-01 7.084900e-02
7.324415e-01 6.118480e-02 1.781555e+00 1.765865e+00 1.263157e-01
7.525084e-01 5.366857e-02 1.599448e+00 1.912643e+00 1.343991e-01
7.725753e-01 4.203818e-02 1.233550e+00 2.202003e+00 1.643079e-01
7.926421e-01 2.144105e-02 6.098547e-01 2.642563e+00 2.119764e-01
8.127090e-01 2.165204e-02 6.052742e-01 2.673881e+00 2.122379e-01
8.327759e-01 1.838181e-02 3.385633e-01 2.928297e+00 2.481855e-01
8.528428e-01 1.695768e-02 3.068958e-01 2.965849e+00 2.503490e-01
8.729097e-01 1.766975e-02 2.782488e-01 3.005511e+00 3.109035e-01
8.929766e-01 1.711592e-02 2.224901e-01 3.081210e+00 3.922610e-01
9.130435e-01 1.727416e-02 2.300913e-01 3.106071e+00 3.895506e-01
9.331104e-01 1.519071e-02 1.482855e-01 3.136097e+00 7.292930e-01
9.531773e-01 1.508522e-02 1.438288e-01 3.144964e+00 7.615792e-01
9.732441e-01 1.540169e-02 1.194900e-01 2.546548e+00 9.146178e-01
9.933110e-01 1.740602e-02 8.017172e-02 1.700149e+00 1.128924e+00
1.013378e+00 1.679945e-02 7.784431e-02 1.701143e+00 1.129257e+00
1.033445e+00 1.587640e-02 5.145053e-02 7.751207e-01 1.316936e+00
1.053512e+00 1.526983e-02 5.115342e-02 6.837504e-01 1.331985e+00
1.073579e+00 1.492698e-02 4.974212e-02 5.856992e-01 1.560176e+00
1.093645e+00 1.577091e-02 4.654813e-02 4.527539e-01 1.863091e+00
1.113712e+00 1.429404e-02 4.498827e-02 4.453281e-01 1.859549e+00
1.133779e+00 1.627199e-02 4.053153e-02 2.925392e-01 2.077968e+00
1.153846e+00 1.672033e-02 4.159620e-02 2.811148e-01 2.090878e+00
1.173913e+00 1.144578e-02 3.394547e-02 2.273207e-01 1.950345e+00
1.193980e+00 7.700846e-03 2.369498e-02 1.607860e-01 1.782328e+00
1.214047e+00 7.674473e-03 2.270459e-02 1.582279e-01 1.779237e+00
1.234114e+00 1.036449e-02 2.223416e-02 9.186708e-02 1.746380e+00
1.254181e+00 1.010077e-02 2.097142e-02 9.025276e-02 1.750161e+00
1.274247e+00 8.755756e-03 1.572237e-02 6.844706e-02 1.475561e+00
1.294314e+00 6.171226e-03 9.111548e-03 4.219577e-02 1.158429e+00
1.314381e+00 6.223971e-03 7.774527e-03 4.155005e-02 1.145210e+00
1.334448e+00 8.281046e-03 1.418727e-02 6.628636e-02 1.362155e+00
1.354515e+00 8.755756e-03 1.411300e-02 6.795035e-02 1.384337e+00
1.374582e+00 1.028538e-02 1.787646e-02 7.189921e-02 1.366910e+00
1.394649e+00 1.097107e-02 2.042670e-02 7.942442e-02 1.388236e+00
1.414716e+00 1.199961e-02 2.129329e-02 8.148578e-02 1.374637e+00
1.434783e+00 1.057548e-02 2.131805e-02 1.163550e-01 1.089434e+00
1.454849e+00 1.052273e-02 2.040194e-02 1.175471e-01 1.081351e+00
1.474916e+00 1.039087e-02 2.173896e-02 1.154361e-01 8.805485e-01
1.494983e+00 9.256839e-03 2.339786e-02 1.140950e-01 6.742305e-01
1.515050e+00 8.940365e-03 2.394257e-02 1.151629e-01 6.642926e-01
1.535117e+00 4.958079e-03 2.012959e-02 8.548432e-02 3.960174e-01
1.555184e+00 6.223971e-03 1.881733e-02 8.652741e-02 4.016520e-01
1.575251e+00 6.487699e-03 2.027815e-02 9.348140e-02 3.800645e-01
1.595318e+00 6.645935e-03 2.134281e-02 1.060234e-01 3.746676e-01
1.615385e+00 6.909663e-03 1.921348e-02 1.003857e-01 3.675589e-01
1.635452e+00 6.672308e-03 1.700987e-02 8.796788e-02 3.050073e-01
1.655518e+00 6.883290e-03 1.839641e-02 9.288534e-02 2.998720e-01
1.675585e+00 5.960244e-03 1.621756e-02 8.160995e-02 2.527027e-01
1.695652e+00 5.538279e-03 1.594521e-02 7.731339e-02 2.045349e-01
1.715719e+00 4.219642e-03 1.636612e-02 7.435794e-02 2.012777e-01
1.735786e+00 5.960244e-03 1.351876e-02 6.002777e-02 1.951201e-01
1.755853e+00 5.380043e-03 1.354352e-02 6.164209e-02 1.983534e-01
1.775920e+00 5.670143e-03 1.507862e-02 6.636086e-02 1.887008e-01
1.795987e+00 5.142688e-03 1.733175e-02 6.991236e-02 1.839934e-01
1.816054e+00 5.380043e-03 1.574713e-02 6.668373e-02 1.791196e-01
1.836120e+00 4.905333e-03 1.168655e-02 4.261798e-02 9.597900e-02
1.856187e+00 4.694351e-03 1.094376e-02 4.189775e-02 9.719152e-02
1.876254e+00 4.114150e-03 1.084472e-02 3.623522e-02 9.581258e-02
1.896321e+00 4.193269e-03 9.978135e-03 3.059752e-02 9.545595e-02
1.916388e+00 3.744932e-03 9.730539e-03 3.238569e-02 9.324489e-02
1.936455e+00 6.909663e-03 1.314737e-02 3.186414e-02 9.954522e-02
1.956522e+00 6.936036e-03 1.294929e-02 3.241053e-02 9.759569e-02
1.976589e+00 6.619563e-03 1.252838e-02 2.376772e-02 7.926529e-02
1.996656e+00 6.329462e-03 1.069616e-02 1.899927e-02 6.409695e-02
2.016722e+00 7.094272e-03 9.953376e-03 1.887510e-02 6.316973e-02
2.036789e+00 3.929541e-03 6.264189e-03 1.095252e-02 3.661324e-02
2.056856e+00 4.246014e-03 5.892795e-03 1.000877e-02 3.276172e-02
2.076923e+00 4.588860e-03 6.709863e-03 9.387877e-03 3.245265e-02
2.096990e+00 5.564652e-03 7.923085e-03 1.097736e-02 3.252397e-02
2.117057e+00 5.960244e-03 6.660343e-03 1.130022e-02 3.297569e-02
2.137124e+00 1.007439e-02 8.517317e-03 1.003360e-02 3.435463e-02
2.157191e+00 9.441448e-03 7.898325e-03 1.030680e-02 3.428331e-02
2.177258e+00 1.118205e-02 9.062029e-03 1.023229e-02 3.266662e-02
2.197324e+00 9.204093e-03 9.730539e-03 9.338205e-03 2.879132e-02
2.217391e+00 1.091832e-02 1.067141e-02 1.005844e-02 2.995629e-02
2.237458e+00 1.020626e-02 9.854337e-03 1.102703e-02 2.384616e-02
2.257525e+00 1.007439e-02 1.057237e-02 1.053032e-02 2.363218e-02
2.277592e+00 1.703680e-02 1.153799e-02 8.617972e-03 2.230079e-02
2.297659e+00 2.067624e-02 1.210746e-02 7.823231e-03 2.189662e-02
2.317726e+00 2.202125e-02 1.218174e-02 7.252011e-03 2.066033e-02
2.337793e+00 2.291793e-02 1.228078e-02 6.258584e-03 1.683258e-02
2.357860e+00 2.254871e-02 1.158751e-02 6.929147e-03 1.535854e-02
2.377926e+00 2.033340e-02 1.166179e-02 4.420746e-03 1.533477e-02
2.397993e+00 2.199488e-02 1.156275e-02 4.073047e-03 1.281463e-02
2.418060e+00 2.099272e-02 9.557221e-03 4.470417e-03 1.362298e-02
2.438127e+00 2.030702e-02 8.046883e-03 4.520089e-03 1.036583e-02
2.458194e+00 2.101909e-02 7.997364e-03 4.395911e-03 1.053225e-02
2.478261e+00 3.264948e-02 8.071643e-03 3.824691e-03 1.084132e-02
2.498328e+00 3.673725e-02 8.814432e-03 3.725348e-03 1.041338e-02
2.518395e+00 0.000000e+00 0.000000e+00 0.000000e+00 0.000000e+00
2.538462e+00 0.000000e+00 0.000000e+00 0.000000e+00 0.000000e+00
2.558528e+00 0.000000e+00 0.000000e+00 0.000000e+00 0.000000e+00
2.578595e+00 0.000000e+00 0.000000e+00 0.000000e+00 0.000000e+00
2.598662e+00 0.000000e+00 0.000000e+00 0.000000e+00 0.000000e+00
2.618729e+00 0.000000e+00 0.000000e+00 0.000000e+00 0.000000e+00
2.638796e+00 0.000000e+00 0.000000e+00 0.000000e+00 0.000000e+00
2.658863e+00 0.000000e+00 0.000000e+00 0.000000e+00 0.000000e+00
2.678930e+00 0.000000e+00 0.000000e+00 0.000000e+00 0.000000e+00
2.698997e+00 0.000000e+00 0.000000e+00 0.000000e+00 0.000000e+00
2.719064e+00 0.000000e+00 0.000000e+00 0.000000e+00 0.000000e+00
2.739130e+00 0.000000e+00 0.000000e+00 0.000000e+00 0.000000e+00
2.759197e+00 0.000000e+00 0.000000e+00 0.000000e+00 0.000000e+00
2.779264e+00 0.000000e+00 0.000000e+00 0.000000e+00 0.000000e+00
2.799331e+00 0.000000e+00 0.000000e+00 0.000000e+00 0.000000e+00
2.819398e+00 0.000000e+00 0.000000e+00 0.000000e+00 0.000000e+00
2.839465e+00 0.000000e+00 0.000000e+00 0.000000e+00 0.000000e+00
2.859532e+00 0.000000e+00 0.000000e+00 0.000000e+00 0.000000e+00
2.879599e+00 0.000000e+00 0.000000e+00 0.000000e+00 0.000000e+00
2.899666e+00 0.000000e+00 0.000000e+00 0.000000e+00 0.000000e+00
2.919732e+00 0.000000e+00 0.000000e+00 0.000000e+00 0.000000e+00
2.939799e+00 0.000000e+00 0.000000e+00 0.000000e+00 0.000000e+00
2.959866e+00 0.000000e+00 0.000000e+00 0.000000e+00 0.000000e+00
2.979933e+00 0.000000e+00 0.000000e+00 0.000000e+00 0.000000e+00
3.000000e+00 0.000000e+00 0.000000e+00 0.000000e+00 0.000000e+00
3.020067e+00 0.000000e+00 0.000000e+00 0.000000e+00 0.000000e+00
3.040134e+00 0.000000e+00 0.000000e+00 0.000000e+00 0.000000e+00
3.060201e+00 0.000000e+00 0.000000e+00 0.000000e+00 0.000000e+00
3.080268e+00 0.000000e+00 0.000000e+00 0.000000e+00 0.000000e+00
3.100334e+00 0.000000e+00 0.000000e+00 0.000000e+00 0.000000e+00
3.120401e+00 0.000000e+00 0.000000e+00 0.000000e+00 0.000000e+00
3.140468e+00 0.000000e+00 0.000000e+00 0.000000e+00 0.000000e+00
3.160535e+00 0.000000e+00 0.000000e+00 0.000000e+00 0.000000e+00
3.180602e+00 0.000000e+00 0.000000e+00 0.000000e+00 0.000000e+00
3.200669e+00 0.000000e+00 0.000000e+00 0.000000e+00 0.000000e+00
3.220736e+00 0.000000e+00 0.000000e+00 0.000000e+00 0.000000e+00
3.240803e+00 0.000000e+00 0.000000e+00 0.000000e+00 0.000000e+00
3.260870e+00 0.000000e+00 0.000000e+00 0.000000e+00 0.000000e+00
3.280936e+00 0.000000e+00 0.000000e+00 0.000000e+00 0.000000e+00
3.301003e+00 0.000000e+00 0.000000e+00 0.000000e+00 0.000000e+00
3.321070e+00 0.000000e+00 0.000000e+00 0.000000e+00 0.000000e+00
3.341137e+00 0.000000e+00 0.000000e+00 0.000000e+00 0.000000e+00
3.361204e+00 0.000000e+00 0.000000e+00 0.000000e+00 0.000000e+00
3.381271e+00 0.000000e+00 0.000000e+00 0.000000e+00 0.000000e+00
3.401338e+00 0.000000e+00 0.000000e+00 0.000000e+00 0.000000e+00
3.421405e+00 0.000000e+00 0.000000e+00 0.000000e+00 0.000000e+00
3.441472e+00 0.000000e+00 0.000000e+00 0.000000e+00 0.000000e+00
3.461538e+00 0.000000e+00 0.000000e+00 0.000000e+00 0.000000e+00
3.481605e+00 0.000000e+00 0.000000e+00 0.000000e+00 0.000000e+00
3.501672e+00 0.000000e+00 0.000000e+00 0.000000e+00 0.000000e+00
3.521739e+00 0.000000e+00 0.000000e+00 0.000000e+00 0.000000e+00
3.541806e+00 0.000000e+00 0.000000e+00 0.000000e+00 0.000000e+00
3.561873e+00 0.000000e+00 0.000000e+00 0.000000e+00 0.000000e+00
3.581940e+00 0.000000e+00 0.000000e+00 0.000000e+00 0.000000e+00
3.602007e+00 0.000000e+00 0.000000e+00 0.000000e+00 0.000000e+00
3.622074e+00 0.000000e+00 0.000000e+00 0.000000e+00 0.000000e+00
3.642140e+00 0.000000e+00 0.000000e+00 0.000000e+00 0.000000e+00
3.662207e+00 0.000000e+00 0.000000e+00 0.000000e+00 0.000000e+00
3.682274e+00 0.000000e+00 0.000000e+00 0.000000e+00 0.000000e+00
3.702341e+00 0.000000e+00 0.000000e+00 0.000000e+00 0.000000e+00
3.722408e+00 0.000000e+00 0.000000e+00 0.000000e+00 0.000000e+00
3.742475e+00 0.000000e+00 0.000000e+00 0.000000e+00 0.000000e+00
3.762542e+00 0.000000e+00 0.000000e+00 0.000000e+00 0.000000e+00
3.782609e+00 0.000000e+00 0.000000e+00 0.000000e+00 0.000000e+00
3.802676e+00 0.000000e+00 0.000000e+00 0.000000e+00 0.000000e+00
3.822742e+00 0.000000e+00 0.000000e+00 0.000000e+00 0.000000e+00
3.842809e+00 0.000000e+00 0.000000e+00 0.000000e+00 0.000000e+00
3.862876e+00 0.000000e+00 0.000000e+00 0.000000e+00 0.000000e+00
3.882943e+00 0.000000e+00 0.000000e+00 0.000000e+00 0.000000e+00
3.903010e+00 0.000000e+00 0.000000e+00 0.000000e+00 0.000000e+00
3.923077e+00 0.000000e+00 0.000000e+00 0.000000e+00 0.000000e+00
3.943144e+00 0.000000e+00 0.000000e+00 0.000000e+00 0.000000e+00
3.963211e+00 0.000000e+00 0.000000e+00 0.000000e+00 0.000000e+00
3.983278e+00 0.000000e+00 0.000000e+00 0.000000e+00 0.000000e+00
4.003344e+00 0.000000e+00 0.000000e+00 0.000000e+00 0.000000e+00
4.023411e+00 0.000000e+00 0.000000e+00 0.000000e+00 0.000000e+00
4.043478e+00 0.000000e+00 0.000000e+00 0.000000e+00 0.000000e+00
4.063545e+00 0.000000e+00 0.000000e+00 0.000000e+00 0.000000e+00
4.083612e+00 0.000000e+00 0.000000e+00 0.000000e+00 0.000000e+00
4.103679e+00 0.000000e+00 0.000000e+00 0.000000e+00 0.000000e+00
4.123746e+00 0.000000e+00 0.000000e+00 0.000000e+00 0.000000e+00
4.143813e+00 0.000000e+00 0.000000e+00 0.000000e+00 0.000000e+00
4.163880e+00 0.000000e+00 0.000000e+00 0.000000e+00 0.000000e+00
4.183946e+00 0.000000e+00 0.000000e+00 0.000000e+00 0.000000e+00
4.204013e+00 0.000000e+00 0.000000e+00 0.000000e+00 0.000000e+00
4.224080e+00 0.000000e+00 0.000000e+00 0.000000e+00 0.000000e+00
4.244147e+00 0.000000e+00 0.000000e+00 0.000000e+00 0.000000e+00
4.264214e+00 0.000000e+00 0.000000e+00 0.000000e+00 0.000000e+00
4.284281e+00 0.000000e+00 0.000000e+00 0.000000e+00 0.000000e+00
4.304348e+00 0.000000e+00 0.000000e+00 0.000000e+00 0.000000e+00
4.324415e+00 0.000000e+00 0.000000e+00 0.000000e+00 0.000000e+00
4.344482e+00 0.000000e+00 0.000000e+00 0.000000e+00 0.000000e+00
4.364548e+00 0.000000e+00 0.000000e+00 0.000000e+00 0.000000e+00
4.384615e+00 0.000000e+00 0.000000e+00 0.000000e+00 0.000000e+00
4.404682e+00 0.000000e+00 0.000000e+00 0.000000e+00 0.000000e+00
4.424749e+00 0.000000e+00 0.000000e+00 0.000000e+00 0.000000e+00
4.444816e+00 0.000000e+00 0.000000e+00 0.000000e+00 0.000000e+00
4.464883e+00 0.000000e+00 0.000000e+00 0.000000e+00 0.000000e+00
4.484950e+00 0.000000e+00 0.000000e+00 0.000000e+00 0.000000e+00
4.505017e+00 0.000000e+00 0.000000e+00 0.000000e+00 0.000000e+00
4.525084e+00 0.000000e+00 0.000000e+00 0.000000e+00 0.000000e+00
4.545151e+00 0.000000e+00 0.000000e+00 0.000000e+00 0.000000e+00
4.565217e+00 0.000000e+00 0.000000e+00 0.000000e+00 0.000000e+00
4.585284e+00 0.000000e+00 0.000000e+00 0.000000e+00 0.000000e+00
4.605351e+00 0.000000e+00 0.000000e+00 0.000000e+00 0.000000e+00
4.625418e+00 0.000000e+00 0.000000e+00 0.000000e+00 0.000000e+00
4.645485e+00 0.000000e+00 0.000000e+00 0.000000e+00 0.000000e+00
4.665552e+00 0.000000e+00 0.000000e+00 0.000000e+00 0.000000e+00
4.685619e+00 0.000000e+00 0.000000e+00 0.000000e+00 0.000000e+00
4.705686e+00 0.000000e+00 0.000000e+00 0.000000e+00 0.000000e+00
4.725753e+00 0.000000e+00 0.000000e+00 0.000000e+00 0.000000e+00
4.745819e+00 0.000000e+00 0.000000e+00 0.000000e+00 0.000000e+00
4.765886e+00 0.000000e+00 0.000000e+00 0.000000e+00 0.000000e+00
4.785953e+00 0.000000e+00 0.000000e+00 0.000000e+00 0.000000e+00
4.806020e+00 0.000000e+00 0.000000e+00 0.000000e+00 0.000000e+00
4.826087e+00 0.000000e+00 0.000000e+00 0.000000e+00 0.000000e+00
4.846154e+00 0.000000e+00 0.000000e+00 0.000000e+00 0.000000e+00
4.866221e+00 0.000000e+00 0.000000e+00 0.000000e+00 0.000000e+00
4.886288e+00 0.000000e+00 0.000000e+00 0.000000e+00 0.000000e+00
4.906355e+00 0.000000e+00 0.000000e+00 0.000000e+00 0.000000e+00
4.926421e+00 0.000000e+00 0.000000e+00 0.000000e+00 0.000000e+00
4.946488e+00 0.000000e+00 0.000000e+00 0.000000e+00 0.000000e+00
4.966555e+00 0.000000e+00 0.000000e+00 0.000000e+00 0.000000e+00
4.986622e+00 0.000000e+00 0.000000e+00 0.000000e+00 0.000000e+00
5.006689e+00 0.000000e+00 0.000000e+00 0.000000e+00 0.000000e+00
5.026756e+00 0.000000e+00 0.000000e+00 0.000000e+00 0.000000e+00
5.046823e+00 0.000000e+00 0.000000e+00 0.000000e+00 0.000000e+00
5.066890e+00 0.000000e+00 0.000000e+00 0.000000e+00 0.000000e+00
5.086957e+00 0.000000e+00 0.000000e+00 0.000000e+00 0.000000e+00
5.107023e+00 0.000000e+00 0.000000e+00 0.000000e+00 0.000000e+00
5.127090e+00 0.000000e+00 0.000000e+00 0.000000e+00 0.000000e+00
5.147157e+00 0.000000e+00 0.000000e+00 0.000000e+00 0.000000e+00
5.167224e+00 0.000000e+00 0.000000e+00 0.000000e+00 0.000000e+00
5.187291e+00 0.000000e+00 0.000000e+00 0.000000e+00 0.000000e+00
5.207358e+00 0.000000e+00 0.000000e+00 0.000000e+00 0.000000e+00
5.227425e+00 0.000000e+00 0.000000e+00 0.000000e+00 0.000000e+00
5.247492e+00 0.000000e+00 0.000000e+00 0.000000e+00 0.000000e+00
5.267559e+00 0.000000e+00 0.000000e+00 0.000000e+00 0.000000e+00
5.287625e+00 0.000000e+00 0.000000e+00 0.000000e+00 0.000000e+00
5.307692e+00 0.000000e+00 0.000000e+00 0.000000e+00 0.000000e+00
5.327759e+00 0.000000e+00 0.000000e+00 0.000000e+00 0.000000e+00
5.347826e+00 0.000000e+00 0.000000e+00 0.000000e+00 0.000000e+00
5.367893e+00 0.000000e+00 0.000000e+00 0.000000e+00 0.000000e+00
5.387960e+00 0.000000e+00 0.000000e+00 0.000000e+00 0.000000e+00
5.408027e+00 0.000000e+00 0.000000e+00 0.000000e+00 0.000000e+00
5.428094e+00 0.000000e+00 0.000000e+00 0.000000e+00 0.000000e+00
5.448161e+00 0.000000e+00 0.000000e+00 0.000000e+00 0.000000e+00
5.468227e+00 0.000000e+00 0.000000e+00 0.000000e+00 0.000000e+00
5.488294e+00 0.000000e+00 0.000000e+00 0.000000e+00 0.000000e+00
5.508361e+00 0.000000e+00 0.000000e+00 0.000000e+00 0.000000e+00
5.528428e+00 0.000000e+00 0.000000e+00 0.000000e+00 0.000000e+00
5.548495e+00 0.000000e+00 0.000000e+00 0.000000e+00 0.000000e+00
5.568562e+00 0.000000e+00 0.000000e+00 0.000000e+00 0.000000e+00
5.588629e+00 0.000000e+00 0.000000e+00 0.000000e+00 0.000000e+00
5.608696e+00 0.000000e+00 0.000000e+00 0.000000e+00 0.000000e+00
5.628763e+00 0.000000e+00 0.000000e+00 0.000000e+00 0.000000e+00
5.648829e+00 0.000000e+00 0.000000e+00 0.000000e+00 0.000000e+00
5.668896e+00 0.000000e+00 0.000000e+00 0.000000e+00 0.000000e+00
5.688963e+00 0.000000e+00 0.000000e+00 0.000000e+00 0.000000e+00
5.709030e+00 0.000000e+00 0.000000e+00 0.000000e+00 0.000000e+00
5.729097e+00 0.000000e+00 0.000000e+00 0.000000e+00 0.000000e+00
5.749164e+00 0.000000e+00 0.000000e+00 0.000000e+00 0.000000e+00
5.769231e+00 0.000000e+00 0.000000e+00 0.000000e+00 0.000000e+00
5.789298e+00 0.000000e+00 0.000000e+00 0.000000e+00 0.000000e+00
5.809365e+00 0.000000e+00 0.000000e+00 0.000000e+00 0.000000e+00
5.829431e+00 0.000000e+00 0.000000e+00 0.000000e+00 0.000000e+00
5.849498e+00 0.000000e+00 0.000000e+00 0.000000e+00 0.000000e+00
5.869565e+00 0.000000e+00 0.000000e+00 0.000000e+00 0.000000e+00
5.889632e+00 0.000000e+00 0.000000e+00 0.000000e+00 0.000000e+00
5.909699e+00 0.000000e+00 0.000000e+00 0.000000e+00 0.000000e+00
5.929766e+00 0.000000e+00 0.000000e+00 0.000000e+00 0.000000e+00
5.949833e+00 0.000000e+00 0.000000e+00 0.000000e+00 0.000000e+00
5.969900e+00 0.000000e+00 0.000000e+00 0.000000e+00 0.000000e+00
