# d_z
1.000000000000000000e+00
9.941161864988604657e-01
9.882046576716865260e-01
9.822681768212113695e-01
9.763098206753486608e-01
9.703324485925415299e-01
9.643387243770084050e-01
9.583314716792002974e-01
9.523133436533233187e-01
9.462869705346751426e-01
9.402548869074616178e-01
9.342195699568764944e-01
9.281833658205401738e-01
9.221485106127357279e-01
9.161174777376676071e-01
9.100923364429716056e-01
9.040751689611720154e-01
8.980682730239294420e-01
8.920732308005886457e-01
8.860922257119954182e-01
8.801269821491486400e-01
8.741794064596708491e-01
8.682510685211018986e-01
8.623435561618032485e-01
8.564586162797357405e-01
8.505974169631116411e-01
8.447618281348840963e-01
8.389527952612482187e-01
8.331718210555674187e-01
8.274201025195682124e-01
8.216986664228395076e-01
8.160087737023782317e-01
8.103514821434668614e-01
8.047276615814258349e-01
7.991382681056992121e-01
7.935841585920444530e-01
7.880661650057767531e-01
7.825849536295393927e-01
7.771413679190732893e-01
7.717359639452107123e-01
7.663693002697795631e-01
7.610420502868165959e-01
7.557545702525718667e-01
7.505074176768465888e-01
7.453009946006938780e-01
7.401355840657807272e-01
7.350115897372629936e-01
7.299294540588920910e-01
7.248890954980229395e-01
7.198909347723096985e-01
7.149351906471972384e-01
7.100219187549251521e-01
7.051512409605031895e-01
7.003231940331861027e-01
6.955380368162524807e-01
6.907955777955274712e-01
6.860958725273483827e-01
6.814389739080812802e-01
6.768248059129750027e-01
6.722531823229545012e-01
6.677241593945228981e-01
6.632375216792367745e-01
6.587932976908706939e-01
6.543910844937234073e-01
6.500309864520972258e-01
6.457126083643941472e-01
6.414358558195150106e-01
6.372004486929403466e-01
6.330062422692629420e-01
6.288528724702152628e-01
6.247402740046269498e-01
6.206680063209915055e-01
6.166358536550931024e-01
6.126435862103574159e-01
6.086909262744539806e-01
6.047774238139812519e-01
6.009029392688629567e-01
5.970670429373933219e-01
5.932694791840346094e-01
5.895099180365762637e-01
5.857880489765709964e-01
5.821035002487010557e-01
5.784559443130709022e-01
5.748450658827616300e-01
5.712704493099189929e-01
5.677318237747509544e-01
5.642288042228382761e-01
5.607610486788373594e-01
5.573282178256520059e-01
5.539299290780137497e-01
5.505658415048714227e-01
5.472356649805312223e-01
5.439389284201013863e-01
5.406753460663489275e-01
5.374445373954114258e-01
5.342461690445633460e-01
5.310798795064521904e-01
5.279453177696926680e-01
5.248421604257403894e-01
5.217699947209124556e-01
5.187284910028526763e-01
5.157173815935819361e-01
5.127361967936862053e-01
5.097846826642188356e-01
5.068624906025267496e-01
5.039692444634131796e-01
5.011046192355652629e-01
4.982683164655606345e-01
4.954599964436914306e-01
4.926792784997847119e-01
4.899259023476205122e-01
4.871994918518365303e-01
4.844997686973070428e-01
4.818264175918008929e-01
4.791790817444804285e-01
4.765574485237082381e-01
4.739613183321574885e-01
4.713902546382769954e-01
4.688439589195785295e-01
4.663222608676643732e-01
4.638247404270778307e-01
4.613511909429190982e-01
4.589012522798326943e-01
4.564746484522061443e-01
4.540711142632624098e-01
4.516904082066494075e-01
4.493322156776372589e-01
4.469962313686980382e-01
4.446822363811145928e-01
4.423899581105779077e-01
4.401191156481187305e-01
4.378695060926569016e-01
4.356407481283449679e-01
4.334326777950091025e-01
4.312450566313348888e-01
4.290775939053137478e-01
4.269300521278418525e-01
4.248022284409404548e-01
4.226938435325729992e-01
4.206046766120550284e-01
4.185344805119249334e-01
4.164830551013012361e-01
4.144501464820909420e-01
4.124355647306912620e-01
4.104390363498299776e-01
4.084603836183605119e-01
4.064993646580389308e-01
4.045558388927419369e-01
4.026294908912126935e-01
4.007202265972454325e-01
