# da
0.000000000000000000e+00
6.653543969878741393e+01
1.302606127329657681e+02
1.913296502560775707e+02
2.498852287664763310e+02
3.060596298879428900e+02
3.599756853509884991e+02
4.117476213713430866e+02
4.614818146483387977e+02
5.092774705359261702e+02
5.552272325217879825e+02
5.994177309437189933e+02
6.419300778427316345e+02
6.828403139710350160e+02
7.222198132166514597e+02
7.601356490556529479e+02
7.966509270816814023e+02
8.318250871770308095e+02
8.657141784689480346e+02
8.983711098493872669e+02
9.298458785183494228e+02
9.601857787333808574e+02
9.894355927051402659e+02
1.017637765366325993e+03
1.044832564554613782e+03
1.071058227986062775e+03
1.096351098250766654e+03
1.120745746934744830e+03
1.144275088859074685e+03
1.166970487327090268e+03
1.188861851181574821e+03
1.209977724394811958e+03
1.230345368843927190e+03
1.249990840861122251e+03
1.268939062092265658e+03
1.287213885147033125e+03
1.304838154478776687e+03
1.321833762891840024e+03
1.338221704037733389e+03
1.354022121228836795e+03
1.369254352868847718e+03
1.383936974772558187e+03
1.398087839623551190e+03
1.411724113796616393e+03
1.424862311752045343e+03
1.437518328191087903e+03
1.449707468145684516e+03
1.461444475160869160e+03
1.472743557714874896e+03
1.483618414009818707e+03
1.494082255254757001e+03
1.504147827552836134e+03
1.513827432495027551e+03
1.523132946554590944e+03
1.532075839368696961e+03
1.540667190986682499e+03
1.548917708157979405e+03
1.556837739726940754e+03
1.564437291196408069e+03
1.571726038516977042e+03
1.578713341154439149e+03
1.585408254483755627e+03
1.591819541554170655e+03
1.597955684266600883e+03
1.603824894001294524e+03
1.609435121730843321e+03
1.614794067650954958e+03
1.619909190358983324e+03
1.624787715607926430e+03
1.629436644661584069e+03
1.633862762274645775e+03
1.638072644319754545e+03
1.642072665081994955e+03
1.645869004239775222e+03
1.649467653549731494e+03
1.652874423252037559e+03
1.656094948211353312e+03
1.659134693807606482e+03
1.661998961589812325e+03
1.664692894705256094e+03
1.667221483115553156e+03
1.669589568610298784e+03
1.671801849628373475e+03
1.673862885896282023e+03
1.675777102892323683e+03
1.677548796144848438e+03
1.679182135372328048e+03
1.680681168472502350e+03
1.682049825367438189e+03
1.683291921710914721e+03
1.684411162464200515e+03
1.685411145345897239e+03
1.686295364161264160e+03
1.687067212016076610e+03
1.687729984419830089e+03
1.688286882282849092e+03
1.688741014811564128e+03
1.689095402306084679e+03
1.689352978863901626e+03
1.689516594993402578e+03
1.689589020140691673e+03
1.689572945133042822e+03
1.689470984542125734e+03
1.689285678970036315e+03
1.689019497260984508e+03
1.688674838641391261e+03
1.688254034791002823e+03
1.687759351847508015e+03
1.687192992347070231e+03
1.686557097103036767e+03
1.685853747025020539e+03
1.685084964880448297e+03
1.684252717000578969e+03
1.683358914932922289e+03
1.682405416137639122e+03
1.681394029074197078e+03
1.680326509516512942e+03
1.679204565392078848e+03
1.678029857364747613e+03
1.676804000201823783e+03
1.675528564099044388e+03
1.674205075964842990e+03
1.672835020665247384e+03
1.671419842230706990e+03
1.669960945026091395e+03
1.668459694885081944e+03
1.666917420210094861e+03
1.665335413038869092e+03
1.663714930078794168e+03
1.662057193710015099e+03
1.660363392958324994e+03
1.658634684438803788e+03
1.656872193271148944e+03
1.655077013967598305e+03
1.653250211294308428e+03
1.651392821107045620e+03
1.649505851161986811e+03
1.647590281902431343e+03
1.645647067222165106e+03
1.643677135206232151e+03
1.641681388849802261e+03
1.639660706755832962e+03
1.637615943812186742e+03
1.635547931848836242e+03
1.633457480275784974e+03
1.631345376702305202e+03
1.629212387538057783e+03
1.627059258576669208e+03
1.624886715562307018e+03
1.622695464739759927e+03
