# f_ap
0.000000000000000000e+00
2.023611876088323575e-02
4.054502223780281911e-02
6.093159531647788368e-02
8.140076695274252316e-02
1.019575031821924188e-01
1.226068001510051686e-01
1.433536771881039895e-01
1.642031699385400334e-01
1.851603235775548806e-01
2.062301861242351597e-01
2.274178018730235451e-01
2.487282049605749890e-01
2.701664130845951584e-01
2.917374213903312086e-01
3.134461965393578464e-01
3.352976709741984362e-01
3.572967373911534739e-01
3.794482434325071596e-01
4.017569866080329954e-01
4.242277094544568694e-01
4.468650949402493966e-01
4.696737621218431413e-01
4.926582620560897574e-01
5.158230739725229164e-01
5.391726017077536071e-01
5.627111704031489969e-01
5.864430234657720398e-01
6.103723197914888710e-01
6.345031312480809982e-01
6.588394404152368988e-01
6.833851385773717091e-01
7.081440239643833623e-01
7.331198002346634990e-01
7.583160751940014599e-01
7.837363597433602003e-01
8.093840670479764965e-01
8.352625119197222281e-01
8.613749104042889293e-01
8.877243795643721125e-01
9.143139374498037153e-01
9.411465032453216750e-01
9.682248975865737073e-01
9.955518430348004877e-01
1.023129964700669303e+00
1.050961791007692492e+00
1.079049754585768905e+00
1.107396193285465902e+00
1.136003351303820130e+00
1.164873380412599468e+00
1.194008341280202501e+00
1.223410204878590646e+00
1.253080853966913821e+00
1.283022084643781868e+00
1.313235607960429041e+00
1.343723051587322193e+00
1.374485961527090794e+00
1.405525803867003320e+00
1.436843966564527619e+00
1.468441761259854150e+00
1.500320425109610722e+00
1.532481122636333293e+00
1.564924947588582027e+00
1.597652924806916674e+00
1.630666012091287476e+00
1.663965102065702695e+00
1.697551024036327849e+00
1.731424545839495455e+00
1.765586375676361675e+00
1.800037163931250239e+00
1.834777504970975581e+00
1.869807938922682045e+00
1.905128953428001148e+00
1.940740985371547378e+00
1.976644422581983696e+00
2.012839605504110452e+00
2.049326828840613679e+00
2.086106343162309695e+00
2.123178356485873497e+00
2.160543035818205837e+00
2.198200508666773523e+00
2.236150864515345837e+00
2.274394156264728739e+00
2.312930401638186417e+00
2.351759584551361471e+00
2.390881656446624426e+00
2.430296537591855266e+00
2.470004118343736899e+00
2.510004260375755969e+00
2.550296797871135279e+00
2.590881538681045537e+00
2.631758265448388645e+00
2.672926736697657013e+00
2.714386687891266803e+00
2.756137832452901115e+00
2.798179862758404468e+00
2.840512451094753477e+00
2.883135250587782750e+00
2.926047896099210899e+00
2.969250005093633238e+00
3.012741178476134429e+00
3.056521001401211635e+00
3.100589044053613463e+00
3.144944862401867436e+00
3.189587998925098145e+00
3.234517983313896838e+00
3.279734333145873926e+00
3.325236554536611600e+00
3.371024142766691156e+00
3.417096582885484235e+00
3.463453350292351907e+00
3.510093911295956381e+00
3.557017723652297736e+00
3.604224237082178206e+00
3.651712891805948491e+00
3.699483126667335142e+00
3.747534368416202355e+00
3.795866039416036397e+00
3.844477556295125442e+00
3.893368330353360385e+00
3.942537767952624783e+00
3.991985270891367676e+00
4.041710236763851327e+00
4.091712059304648541e+00
4.141990128718832764e+00
4.192543831998457371e+00
4.243372553225696286e+00
4.294475673863205500e+00
4.345852573032120247e+00
4.397502627778129281e+00
4.449425213326109407e+00
4.501619703323624044e+00
4.554085470073858666e+00
4.606821884758206309e+00
4.659828317649039597e+00
4.713104138312919744e+00
4.766648715804684855e+00
4.820461418852699076e+00
4.874541616035645397e+00
4.928888675951150766e+00
4.983501967376575692e+00
5.038380859422258773e+00
5.093524721677516354e+00
5.148932924349666429e+00
5.204604838396363675e+00
5.260539835651496965e+00
5.316737288944898054e+00
5.373196572216113687e+00
5.429917060622497793e+00
5.486898130641781890e+00
