# f_z
2.900331686935651576e-01
2.991255600296705008e-01
3.082375861286876795e-01
3.173633451540237016e-01
3.264969996768294358e-01
3.356328442927233313e-01
3.447652674905239412e-01
3.538887832701431146e-01
3.629980191141580770e-01
3.720877460584467444e-01
3.811528618804478352e-01
3.901884094531525293e-01
3.991895913072739388e-01
4.081517310399692122e-01
4.170703550769604973e-01
4.259411012015526521e-01
4.347598152245510383e-01
4.435224826821931865e-01
4.522252714006668173e-01
4.608645261664774395e-01
4.694367482153750104e-01
4.779386323885846943e-01
4.863670332976899324e-01
4.947190000398648535e-01
5.029917380491064627e-01
5.111826390299148981e-01
5.192892625534502038e-01
5.273093424422802267e-01
5.352407635825905396e-01
5.430816176049213517e-01
5.508301206463931399e-01
5.584846677272029547e-01
5.660438160728844537e-01
5.735062525596119620e-01
5.808708536344261431e-01
5.881365959182199843e-01
5.953026314422134035e-01
6.023682365637887948e-01
6.093328156499334680e-01
6.161958999285871430e-01
6.229571670940570183e-01
6.296163689802649621e-01
6.361734111555092941e-01
6.426282756341178404e-01
6.489810751402946831e-01
6.552320008622378733e-01
6.613813326718084307e-01
6.674294627362598042e-01
6.733768351390148066e-01
6.792239957228405345e-01
6.849715398045023163e-01
6.906201620985283895e-01
6.961705989398673244e-01
7.016236598296675675e-01
7.069801865946491182e-01
7.122411079369330711e-01
7.174073687918770537e-01
7.224799644014874289e-01
7.274599386680902224e-01
7.323483621839982360e-01
7.371463633437139729e-01
7.418550462583550775e-01
7.464755947889657461e-01
7.510091877177624831e-01
7.554570350530083189e-01
7.598203419478690712e-01
7.641003703794841950e-01
7.682983598514613321e-01
7.724155628006558194e-01
7.764532435662662158e-01
7.804126760992272649e-01
7.842951498404941990e-01
7.881019376397256915e-01
7.918342857470836993e-01
7.954935051291430748e-01
7.990808470770423000e-01
8.025975905486005813e-01
8.060449974794465788e-01
8.094243076719421781e-01
8.127367707423891474e-01
8.159836279890356758e-01
8.191660982770812005e-01
8.222854022516240535e-01
8.253427312592369613e-01
8.283392845533993354e-01
8.312762317646797960e-01
8.341547580203055867e-01
8.369759625625948773e-01
8.397410239577773883e-01
8.424510333078886193e-01
8.451071172773535478e-01
8.477103303528507050e-01
8.502617735048938474e-01
8.527624770261849063e-01
8.552134656575475224e-01
8.576158155334667743e-01
8.599704634152143257e-01
8.622784278850520456e-01
8.645406827788000292e-01
8.667581567628850348e-01
8.689318008367650226e-01
8.710625243183954813e-01
8.731512314080331905e-01
8.751988217490094257e-01
8.772061407028309832e-01
8.791740284128991556e-01
8.811033667507268685e-01
8.829949290648811955e-01
8.848495243571274926e-01
8.866679518189197751e-01
8.884509783859760867e-01
8.901993428181999013e-01
8.919138025384281132e-01
8.935950623865515086e-01
8.952438573960148638e-01
8.968608596703026015e-01
8.984467468631381903e-01
9.000021870190038076e-01
9.015278396032232466e-01
9.030243306674334836e-01
9.044922909958795776e-01
9.059323127163548817e-01
9.073450050618649954e-01
9.087309539264133429e-01
9.100907234492046083e-01
9.114248782472964550e-01
9.127339681287607309e-01
9.140185062749353051e-01
9.152790152954818348e-01
9.165160249247993329e-01
9.177300094607698799e-01
9.189214953319565504e-01
9.200909053198381704e-01
9.212387533753307878e-01
9.223654665075173842e-01
9.234715016156579415e-01
9.245573075746701397e-01
9.256232841730954730e-01
9.266698447505907765e-01
9.276974256121532925e-01
9.287063878938619510e-01
9.296971626361202334e-01
9.306700995824271905e-01
9.316255686042116402e-01
9.325639408028177924e-01
9.334855827333129463e-01
9.343908080824278040e-01
9.352799912448257480e-01
9.361534603180584613e-01
9.370114942436378325e-01
