# fsigma_8
3.765004542217661454e-01
3.860227388300236928e-01
3.954204569730204177e-01
4.046858755598004009e-01
4.138116351527543757e-01
4.227908223077368466e-01
4.316169468685562283e-01
4.402839231020440613e-01
4.487861073913097520e-01
4.571182741181555875e-01
4.652756107854685852e-01
4.732537349807552918e-01
4.810486794573139435e-01
4.886568599885505182e-01
4.960751423529519699e-01
5.033007343257012156e-01
5.103312766622306595e-01
5.171647632939815331e-01
5.237995632334661034e-01
5.302344155701099737e-01
5.364683848232488783e-01
5.425009010172000545e-01
5.483316905139258290e-01
5.539608121260857221e-01
5.593886190742104469e-01
5.646157430818125045e-01
5.696430897605855304e-01
5.744718331730609417e-01
5.791033680026604902e-01
5.835393576605913957e-01
5.877816458980147374e-01
5.918322982114655462e-01
5.956935702371097818e-01
5.993678737371503917e-01
6.028578126285573102e-01
6.061661094238743885e-01
6.092956472839163862e-01
6.122494153808497597e-01
6.150305248991131402e-01
6.176421729720490417e-01
6.200876641707555592e-01
6.223703617895892659e-01
6.244937008467067452e-01
6.264611703738122150e-01
6.282763165492605273e-01
6.299427085853239738e-01
6.314639371628332221e-01
6.328436393871929022e-01
6.340854409091554178e-01
6.351929668005225071e-01
6.361698602906870059e-01
6.370197452215881073e-01
6.377462192569445243e-01
6.383528759248114914e-01
6.388432636601477643e-01
6.392209262996628727e-01
6.394893369383977122e-01
6.396519524483836872e-01
6.397121750052370270e-01
6.396733752308815246e-01
6.395388560068950845e-01
6.393118662793636497e-01
6.389956125291773592e-01
6.385932404919185679e-01
6.381078275910505582e-01
6.375423979631423821e-01
6.368999179372014652e-01
6.361832773966100696e-01
6.353953137819666752e-01
6.345387987581626588e-01
6.336164278249925008e-01
6.326308520593212359e-01
6.315846376593307054e-01
6.304802763449501857e-01
6.293202274553363340e-01
6.281068642179326034e-01
6.268424927275594305e-01
6.255293769030638718e-01
6.241696739637400126e-01
6.227655190783799588e-01
6.213189756717766299e-01
6.198320338525709072e-01
6.183066301437710743e-01
6.167446430956780024e-01
6.151478937814229830e-01
6.135181424042422949e-01
6.118570993700561678e-01
6.101664012001263293e-01
6.084476562225895613e-01
6.067024071095336035e-01
6.049321443835392609e-01
6.031383041806498424e-01
6.013222887871499944e-01
5.994854351347179700e-01
5.976290288296018938e-01
5.957543492659491680e-01
5.938625755324561384e-01
5.919548832521294157e-01
5.900323981489628000e-01
5.880961963581072816e-01
5.861473084567889735e-01
5.841867478569905403e-01
5.822154731776612024e-01
5.802344230045844986e-01
5.782444778922820605e-01
5.762464951958263804e-01
5.742413144577755979e-01
5.722297080628977461e-01
5.702124493528721860e-01
5.681902716093020222e-01
5.661638762696975524e-01
5.641339283000297300e-01
5.621010824533669847e-01
5.600659503084797208e-01
5.580291422649141797e-01
5.559912129375348400e-01
5.539527095282437141e-01
5.519141576149108053e-01
5.498760598376557507e-01
5.478388907053581836e-01
5.458031165753953751e-01
5.437691596259504045e-01
5.417374504517061817e-01
5.397083801110857948e-01
5.376823402189483403e-01
5.356596924006903349e-01
5.336407838901139344e-01
5.316259390920903272e-01
5.296154765337794945e-01
5.276097032189542846e-01
5.256088945514580946e-01
5.236133400401727922e-01
5.216232753796196109e-01
5.196389673966153033e-01
5.176606378667178987e-01
5.156885070003172089e-01
5.137228057057559027e-01
5.117637040630363954e-01
5.098114076314200771e-01
5.078660894728658226e-01
5.059279120579177613e-01
5.039970494974130855e-01
5.020736397585188193e-01
5.001578217596910347e-01
4.982497320911254968e-01
4.963494969615064312e-01
4.944572243045706195e-01
4.925730364063248823e-01
4.906970284829436646e-01
4.888292849174521448e-01
