# h
8.906840000000001112e+01
8.937354829845405391e+01
8.968992586063683348e+01
9.001765653981195214e+01
9.035685815307820690e+01
9.070764244222654327e+01
9.107011504548601977e+01
9.144437548021134887e+01
9.183051713651086345e+01
9.222862728176285430e+01
9.263878707591530315e+01
9.306107159741604562e+01
9.349554987957098717e+01
9.394228495708361493e+01
9.440133392248432642e+01
9.487274799211988352e+01
9.535657258133362291e+01
9.585284738843508023e+01
9.636160648702620790e+01
9.688287842622452217e+01
9.741668633830094848e+01
9.796304805323021014e+01
9.852197621963594543e+01
9.909347843160126956e+01
9.967755736080719942e+01
1.002742108934561855e+02
1.008834322714376412e+02
1.015052102371939071e+02
1.021395291817505182e+02
1.027863692953828121e+02
1.034457067204016312e+02
1.041175137055545434e+02
1.048017587615540549e+02
1.054984068172619800e+02
1.062074193760790592e+02
1.069287546721083118e+02
1.076623678256839156e+02
1.084082109978797348e+02
1.091662335436355420e+02
1.099363821631629747e+02
1.107186010513189984e+02
1.115128320446575287e+02
1.123190147658970659e+02
1.131370867655643053e+02
1.139669836605999791e+02
1.148086392697352380e+02
1.156619857454713269e+02
1.165269537025163800e+02
1.174034723425561850e+02
1.182914695752545384e+02
1.191908721354006673e+02
1.201016056961381224e+02
1.210235949782280898e+02
1.219567638553162539e+02
1.229010354551888469e+02
1.238563322570159499e+02
1.248225761845957607e+02
1.257996886956239990e+02
1.267875908670254574e+02
1.277862034763929842e+02
1.287954470795901614e+02
1.298152420845816550e+02
1.308455088215617934e+02
1.318861676094594770e+02
1.329371388189020138e+02
1.339983429317268246e+02
1.350697005971324245e+02
1.361511326845638052e+02
1.372425603334315838e+02
1.383439049997635664e+02
1.394550884998920424e+02
1.405760330512782730e+02
1.417066613105780846e+02
1.428468964090520785e+02
1.439966619854231169e+02
1.451558822162837998e+02
1.463244818441549171e+02
1.475023862032957709e+02
1.486895212433643110e+02
1.498858135510240288e+02
1.510911903695930221e+02
1.523055796168274583e+02
1.535289099009306995e+02
1.547611105348753995e+02
1.560021115491250328e+02
1.572518437028380447e+02
1.585102384936349154e+02
1.597772281660062959e+02
1.610527457184375351e+02
1.623367249093220153e+02
1.636291002617342656e+02
1.649298070671284222e+02
1.662387813880284000e+02
1.675559600597707117e+02
1.688812806913601889e+02
1.702146816654949646e+02
1.715561021378151736e+02
1.729054820354283208e+02
1.742627620547593779e+02
1.756278836587743228e+02
1.770007890736217178e+02
1.783814212847350689e+02
1.797697240324365282e+02
1.811656418070818120e+02
1.825691198437813512e+02
1.839801041167341964e+02
1.853985413332061682e+02
1.868243789271849664e+02
1.882575650527401194e+02
1.896980485771173903e+02
1.911457790735922799e+02
1.926007068141089462e+02
1.940627827617264245e+02
1.955319585628956247e+02
1.970081865395865748e+02
1.984914196812860041e+02
1.999816116368831445e+02
2.014787167064615687e+02
2.029826898330115341e+02
2.044934865940796840e+02
2.060110631933684999e+02
2.075353764522998574e+02
2.090663838015536840e+02
2.106040432725940548e+02
2.121483134891921907e+02
2.136991536589578686e+02
2.152565235648858675e+02
2.168203835569281637e+02
2.183906945435985847e+02
2.199674179836162580e+02
2.215505158775969505e+02
2.231399507597946013e+02
2.247356856899033914e+02
2.263376842449198989e+02
2.279459105110753683e+02
2.295603290758376716e+02
2.311809050199907176e+02
2.328076039097908847e+02
2.344403917892077231e+02
2.360792351722473938e+02
2.377241010353649528e+02
2.393749568099653686e+02
2.410317703749956877e+02
2.426945100496309067e+02
2.443631445860535791e+02
2.460376431623292603e+02
2.477179753753781313e+02
2.494041112340446205e+02
2.510960211522641430e+02
2.527936759423290880e+02
