# rs_dv
inf
2.422624301451183904e+00
1.214144898987149279e+00
8.113734642624729210e-01
6.100292718855762075e-01
4.892561558936934785e-01
4.087687102320016197e-01
3.513017459953255428e-01
3.082226557649402898e-01
2.747355350772915927e-01
2.479628310319036133e-01
2.260733644039957246e-01
2.078463407169102994e-01
1.924365869877776580e-01
1.792404013092616932e-01
1.678150626099954301e-01
1.578285242649660469e-01
1.490268629111914933e-01
1.412125776660683452e-01
1.342297422310636812e-01
1.279536113703370059e-01
1.222831969721171197e-01
1.171358688250796337e-01
1.124433638916184364e-01
1.081487932659397355e-01
1.042043674647719492e-01
1.005696466530140859e-01
9.721017970966866484e-02
9.409643492359931471e-02
9.120295192534400019e-02
8.850766323289734061e-02
8.599134711121743380e-02
8.363718302028751161e-02
8.143038789025493218e-02
7.935791658253164849e-02
7.740821369943980124e-02
7.557100675775940690e-02
7.383713290039280175e-02
7.219839296790749039e-02
7.064742801906624681e-02
6.917761437164354765e-02
6.778297400141850004e-02
6.645809773955232980e-02
6.519807918481243525e-02
6.399845762594096044e-02
6.285516857253548029e-02
6.176450073658137224e-02
6.072305850386808257e-02
5.972772909465819818e-02
5.877565374370181950e-02
5.786420233688144288e-02
5.699095103004819113e-02
5.615366244860803269e-02
5.535026812701576010e-02
5.457885289783626775e-02
5.383764098226730827e-02
5.312498356946646766e-02
5.243934770187439615e-02
5.177930630894522768e-02
5.114352925306483999e-02
5.053077526960310373e-02
4.993988469853002238e-02
4.936977291826256248e-02
4.881942440375362097e-02
4.828788734058452048e-02
4.777426873522103157e-02
4.727772996884770790e-02
4.679748274847319450e-02
4.633278541444835197e-02
4.588293956827509124e-02
4.544728698871253886e-02
4.502520680779144302e-02
4.461611292150133995e-02
4.421945161268057978e-02
4.383469936606727846e-02
4.346136085760674006e-02
4.309896710199478953e-02
4.274707374409986854e-02
4.240525948137895823e-02
4.207312460570611368e-02
4.175028965418922655e-02
4.143639415958052380e-02
4.113109549180050950e-02
4.083406778291294448e-02
4.054500092861645227e-02
4.026359965997055451e-02
3.998958267965736779e-02
3.972268185760374770e-02
3.946264148125775556e-02
3.920921755623634625e-02
3.896217715344028193e-02
3.872129779907591135e-02
3.848636690433109020e-02
3.825718123173268981e-02
3.803354639546507182e-02
3.781527639315722389e-02
3.760219316685406432e-02
3.739412619107418401e-02
3.719091208602817028e-02
3.699239425422606170e-02
3.679842253884396674e-02
3.660885290234829753e-02
3.642354712399397537e-02
3.624237251491935208e-02
3.606520164965894976e-02
3.589191211298425194e-02
3.572238626106498394e-02
3.555651099601818410e-02
3.539417755298099322e-02
3.523528129890655947e-02
3.507972154234028500e-02
3.492740135348661873e-02
3.477822739392628232e-02
3.463210975538819070e-02
3.448896181938054806e-02
3.434870006407825943e-02
3.421124399811223404e-02
3.407651598402509224e-02
3.394444112608897141e-02
3.381494715302007376e-02
3.368796430658124730e-02
3.356342523573281611e-02
3.344126489601437907e-02
3.332142045386053686e-02
3.320383119557277635e-02
3.308843844068728307e-02
3.297518545949491842e-02
3.286401739448499559e-02
3.275488118549858135e-02
3.264772549839012328e-02
3.254250065700894229e-02
3.243915857832316979e-02
3.233765271051962376e-02
3.223793797392295740e-02
3.213997070458687877e-02
3.204370860041885066e-02
3.194911066970775038e-02
3.185613718193147648e-02
3.176474962072908109e-02
3.167491063892774461e-02
3.158658401552211920e-02
3.149973461450857742e-02
3.141432834548290448e-02
3.133033212591477407e-02
3.124771384501722621e-02
3.116644232913394486e-02
3.108648730857115766e-02
3.100781938580532068e-02
3.093041000500083501e-02
3.085423142277641390e-02
