# sigma_8
1.298128955104297377e+00
1.290504023767590436e+00
1.282843088473753834e+00
1.275150018863700385e+00
1.267428599841192938e+00
1.259682505741298586e+00
1.251915397424479437e+00
1.244130766263791710e+00
1.236332111361115871e+00
1.228522785177538212e+00
1.220706066563411074e+00
1.212885169100790250e+00
1.205063182839928970e+00
1.197243139808459311e+00
1.189427961767776543e+00
1.181620493786398995e+00
1.173823473999425104e+00
1.166039566171342967e+00
1.158271322633328104e+00
1.150521217114840677e+00
1.142791626055487564e+00
1.135084850341462781e+00
1.127403078280408977e+00
1.119748406835894938e+00
1.112122877492667694e+00
1.104528401342617983e+00
1.096966817606694455e+00
1.089439892174759228e+00
1.081949297221831863e+00
1.074496611087842224e+00
1.067083341790131978e+00
1.059710914929810732e+00
1.052380669697851712e+00
1.045093878335441984e+00
1.037851716705291638e+00
1.030655316521336573e+00
1.023505718104760875e+00
1.016403884231061427e+00
1.009350734283205098e+00
1.002347099426707411e+00
9.953937396102415791e-01
9.884913932552112925e-01
9.816406814494365030e-01
9.748422130284376541e-01
9.680965140831598870e-01
9.614040641427233913e-01
9.547652858780928398e-01
9.481805564781701223e-01
9.416502139968210283e-01
9.351745091463390391e-01
9.287537121210265312e-01
9.223879929684223322e-01
9.160774962747755268e-01
9.098223342123094026e-01
9.036225848666279425e-01
8.974782825316284240e-01
8.913894180029202641e-01
8.853559738203680141e-01
8.793778749885374779e-01
8.734550498935469420e-01
8.675873446705091308e-01
8.617746411564070064e-01
8.560167498976657408e-01
8.503134860873485801e-01
8.446646175533679690e-01
8.390699258310774233e-01
8.335291312853183587e-01
8.280419569288242077e-01
8.226081197511407872e-01
8.172273140926200607e-01
8.118992005512093435e-01
8.066234404075842690e-01
8.013996762282475927e-01
7.962275537868400699e-01
7.911066820755128237e-01
7.860366901740726275e-01
7.810171624102346666e-01
7.760477130422415160e-01
7.711279091172470457e-01
7.662573437024620127e-01
7.614355905681544634e-01
7.566622143619450291e-01
7.519367709200384109e-01
7.472588292559407819e-01
7.426279367072167181e-01
7.380436477797898132e-01
7.335054958173143902e-01
7.290130523366061821e-01
7.245658350177049956e-01
7.201634078687200180e-01
7.158052890767551135e-01
7.114910395507386687e-01
7.072201850359781661e-01
7.029922766129286238e-01
6.988068509539933082e-01
6.946634360927326224e-01
6.905615957716039199e-01
6.865008611012605177e-01
6.824807784088138263e-01
6.785009079747142957e-01
6.745607743810735357e-01
6.706599486806247290e-01
6.667979752359594059e-01
6.629744105973954804e-01
6.591888167004664734e-01
6.554407620935720491e-01
6.517297925842954198e-01
6.480554861950414969e-01
6.444174220098614070e-01
6.408151669897514946e-01
6.372483007427506285e-01
6.337164061636916257e-01
6.302190647275568436e-01
6.267558695016672843e-01
6.233264128592257425e-01
6.199302901254094555e-01
6.165671047976182262e-01
6.132364627279033309e-01
6.099379693916773260e-01
6.066712402980830587e-01
6.034358965895064708e-01
6.002315537189621963e-01
5.970578417575232999e-01
5.939143789249529126e-01
5.908008139904508127e-01
5.877167775261781246e-01
5.846619086437160329e-01
5.816358590579544519e-01
5.786382815329841334e-01
5.756688250620003444e-01
5.727271519216090567e-01
5.698129194932148867e-01
5.669258030523571801e-01
5.640654667345547102e-01
5.612315905828624274e-01
5.584238453467110785e-01
5.556419288419999214e-01
5.528855127280207782e-01
5.501543084836580944e-01
5.474479883758907039e-01
5.447662669848440942e-01
5.421088390421123782e-01
5.394754166742748991e-01
5.368657093740374364e-01
5.342794314588192872e-01
5.317162965797065377e-01
5.291760364373702119e-01
5.266583707737904074e-01
5.241630237805553483e-01
5.216897422502149162e-01
