# d_z
1.000000000000000000e+00
9.897005086534370610e-01
9.794736574844338239e-01
9.693245438801411096e-01
9.592577012928575897e-01
9.492771901491575681e-01
9.393871818295068676e-01
9.295909482756795628e-01
9.198916300921244904e-01
9.102921784455360044e-01
9.007951132773368563e-01
8.914026870230594701e-01
8.821167205729505412e-01
8.729391190236073239e-01
8.638711312545568344e-01
8.549140615285110156e-01
8.460687076439681320e-01
8.373360597224096535e-01
8.287165505863131054e-01
8.202105031635721355e-01
8.118181091869124399e-01
8.035394973855927159e-01
7.953744687067236807e-01
7.873227016864529082e-01
7.793838244865508580e-01
7.715574307117303299e-01
7.638427478277438620e-01
7.562392046098620479e-01
7.487458055319241579e-01
7.413617670569629947e-01
7.340860998988126829e-01
7.269176873811441508e-01
7.198554680663901140e-01
7.128983559998848252e-01
7.060450855911857282e-01
6.992943113636002073e-01
6.926449247703864165e-01
6.860955498540484143e-01
6.796447823704049318e-01
6.732913307759061938e-01
6.670337618267634383e-01
6.608707357358887258e-01
6.548008115276575669e-01
6.488225971765497757e-01
6.429347220224093107e-01
6.371355982285661357e-01
6.314239990185102069e-01
6.257984191393395346e-01
6.202574259901761922e-01
6.147997045209461220e-01
6.094237666783338669e-01
6.041282757870363174e-01
5.989118544157273627e-01
5.937731276226632104e-01
5.887107241737031815e-01
5.837233760629884083e-01
5.788097546439811003e-01
5.739685013295806604e-01
5.691983302452646720e-01
5.644980728357822386e-01
5.598664175940893939e-01
5.553020618376782735e-01
5.508038992849859650e-01
5.463706962003126444e-01
5.420013383473174517e-01
5.376944953860061105e-01
5.334492504477612584e-01
5.292643581486002891e-01
5.251387801237324959e-01
5.210713324977856997e-01
5.170610923082401555e-01
5.131068990578927513e-01
5.092077810296159468e-01
5.053628033763849503e-01
5.015709193415675005e-01
4.978311561239395222e-01
4.941425832474278246e-01
4.905042586052233422e-01
4.869153348367786793e-01
4.833748188747566399e-01
4.798818791216808988e-01
4.764356833363649346e-01
4.730354208409994210e-01
4.696801893303636510e-01
4.663692074810467103e-01
4.631016807115986844e-01
4.598769184855013847e-01
4.566940647718694679e-01
4.535523431036309061e-01
4.504511261164597657e-01
4.473896568953016906e-01
4.443672533594629770e-01
4.413832116896078128e-01
4.384368854684083661e-01
4.355275490926095450e-01
4.326546238786703191e-01
4.298175048446333801e-01
4.270154846168789931e-01
4.242480180085617669e-01
4.215145262948362115e-01
4.188143938713324577e-01
4.161470532013201162e-01
4.135119572610159167e-01
4.109085782574583567e-01
4.083363690642849986e-01
4.057947508123750380e-01
4.032833173392846304e-01
4.008014777767995307e-01
3.983487780871571293e-01
3.959247496042206382e-01
3.935288704181829633e-01
3.911607220392016027e-01
3.888198248883362185e-01
3.865057817769779747e-01
3.842181011337109098e-01
3.819564002857375740e-01
3.797202004046660306e-01
3.775091038372507812e-01
3.753228074316642404e-01
3.731607939872903512e-01
3.710227471652647324e-01
3.689082287316618469e-01
3.668169186615314326e-01
3.647484642169887548e-01
3.627024645863588526e-01
3.606786215536808560e-01
3.586765463686789057e-01
3.566959476367596027e-01
3.547364122263912400e-01
3.527977341794651944e-01
3.508794593458907096e-01
3.489813934836895060e-01
3.471031845489933043e-01
3.452445285753638071e-01
3.434051266057025487e-01
3.415847491608547393e-01
3.397830398911793059e-01
3.379997772590959126e-01
3.362346321666552229e-01
3.344873996969949803e-01
3.327577491125424669e-01
3.310454944708297043e-01
3.293503501846657411e-01
3.276720349781563901e-01
3.260103766386588386e-01
3.243650691009349329e-01
3.227359329112216568e-01
3.211227148032216316e-01
3.195251808765610102e-01
3.179431415517158244e-01
