# f_z
5.110967610463965638e-01
5.232680277288838111e-01
5.352411737520367252e-01
5.470094710260372528e-01
5.585670332167714802e-01
5.699087729099469035e-01
5.810304040431808481e-01
5.919283883650289235e-01
6.025999119561921136e-01
6.130428568862266170e-01
6.232557384967264413e-01
6.332377183104040963e-01
6.429884927024709373e-01
6.525083226111119128e-01
6.617979667492758233e-01
6.708586297134342402e-01
6.796919623658649323e-01
6.882999658254943531e-01
6.966850269316186006e-01
7.048498508260488959e-01
7.127973714591527843e-01
7.205308466147286595e-01
7.280536872206848642e-01
7.353695600438685531e-01
7.424822428225656967e-01
7.493956803161894165e-01
7.561139394347725640e-01
7.626411529402244982e-01
7.689815618332496161e-01
7.751394337954463643e-01
7.811190917740157280e-01
7.869248674846963665e-01
7.925611089120947472e-01
7.980321625378410388e-01
8.033423273812418941e-01
8.084959211832910553e-01
8.134971886140177633e-01
8.183503317387498255e-01
8.230595207174291605e-01
8.276288448096965622e-01
8.320623404614785334e-01
8.363639576094156203e-01
8.405375938207695352e-01
8.445870416833911598e-01
8.485160535024636186e-01
8.523282468185977567e-01
8.560272075347772347e-01
8.596163888652690321e-01
8.630991837309949233e-01
8.664789046108524184e-01
8.697587534884493321e-01
8.729418667629483819e-01
8.760312709493757177e-01
8.790299496205735696e-01
8.819407447614916462e-01
8.847664613509717002e-01
8.875097849962675367e-01
8.901733428616954713e-01
8.927596883901570690e-01
8.952712664988288216e-01
8.977104771514563542e-01
9.000796302685558636e-01
9.023809579462561681e-01
9.046166262395770596e-01
9.067887613362766164e-01
9.088993330486621058e-01
9.109503586397171837e-01
9.129437167084493154e-01
9.148812399142665086e-01
9.167646945875763675e-01
9.185958163536733778e-01
9.203762474540544414e-01
9.221076004000680060e-01
9.237914347106762625e-01
9.254292232769320004e-01
9.270224340714576794e-01
9.285724683146879821e-01
9.300806447018534762e-01
9.315483020630880295e-01
9.329766936111182352e-01
9.343670460460660188e-01
9.357205042988987476e-01
9.370382410749619195e-01
9.383213425036611710e-01
9.395708905342495809e-01
9.407878713382947788e-01
9.419733205031894929e-01
9.431281606718922017e-01
9.442533503619829904e-01
9.453497610164938170e-01
9.464182682800658108e-01
9.474596909064761929e-01
9.484748747115377965e-01
9.494645746931915653e-01
9.504295417771941867e-01
9.513705185063322523e-01
9.522882080284615913e-01
9.531833037351982174e-01
9.540564413233449947e-01
9.549082807783276783e-01
9.557394258862434988e-01
9.565504698880300527e-01
9.573420040840301404e-01
9.581145983061184479e-01
9.588687705395577687e-01
9.596050495761095922e-01
9.603239391368394440e-01
9.610259368260234414e-01
9.617115076946395336e-01
9.623811311856209638e-01
9.630352372136002925e-01
9.636742321221927199e-01
9.642985818733159631e-01
9.649086574204723821e-01
9.655048479716765719e-01
9.660875361806399164e-01
9.666571068956897328e-01
9.672138987010714395e-01
9.677582566014368837e-01
9.682905134281860615e-01
9.688109917894249801e-01
9.693199930823084287e-01
9.698178602067696330e-01
9.703048535012915865e-01
9.707812612863132573e-01
9.712473771047758220e-01
9.717034352711252376e-01
9.721497456539124338e-01
9.725865165498314147e-01
9.730140135726745854e-01
9.734324704782422177e-01
9.738421245368417134e-01
9.742431755435472240e-01
9.746358698688876165e-01
9.750204013239965883e-01
9.753969750899691427e-01
9.757657999570412688e-01
9.761270711126206479e-01
9.764809544693143772e-01
9.768276406895877173e-01
9.771673168373780083e-01
9.775001422889182390e-01
9.778262997644453502e-01
9.781459360730881958e-01
9.784592135697220971e-01
9.787662749225589653e-01
9.790672857890022618e-01
9.793623774274542448e-01
9.796517017187453824e-01
9.799353862186810371e-01
