# sigma_8
8.260719741746129774e-01
8.175715522342004160e-01
8.091311637918298105e-01
8.007549087340017913e-01
7.924465623403612602e-01
7.842096000959316582e-01
7.760472042025678974e-01
7.679622599088243851e-01
7.599573836143789229e-01
7.520349178072470719e-01
7.441969571044926290e-01
7.364453323122379658e-01
7.287816768475142704e-01
7.212073734257251623e-01
7.137236046265698075e-01
7.063313502478821837e-01
6.990314089194956670e-01
6.918244026409401393e-01
6.847107806870404989e-01
6.776908322491996817e-01
6.707647357620578621e-01
6.639324876388902341e-01
6.571940003843318445e-01
6.505490287455206744e-01
6.439972726173113227e-01
6.375382814520792474e-01
6.311715427530453226e-01
6.248964652822311949e-01
6.187123595122896447e-01
6.126184896440752814e-01
6.066140473251440124e-01
6.006981676020076710e-01
5.948699452383792163e-01
5.891284139866715952e-01
5.834725932095692347e-01
5.779014415685681527e-01
5.724139091258427792e-01
5.670088998204148023e-01
5.616853156151442317e-01
5.564420269832170973e-01
5.512779020048725886e-01
5.461917809590935979e-01
5.411825076013546676e-01
5.362489221598968347e-01
5.313898417033042776e-01
5.266041085998962590e-01
5.218905365823226505e-01
5.172479757894667962e-01
5.126752561182578161e-01
5.081712092982816342e-01
5.037346936417267385e-01
4.993645616814726407e-01
4.950596858964655955e-01
4.908189289422886237e-01
4.866411920550542392e-01
4.825253637285125685e-01
4.784703642618272634e-01
4.744751229214346777e-01
4.705385663126551155e-01
4.666596626786898572e-01
4.628373737846029901e-01
4.590706770132099712e-01
4.553585857849888896e-01
4.517001053612909045e-01
4.480942622613701132e-01
4.445401146211430121e-01
4.410367173140014030e-01
4.375831498065936298e-01
4.341785020082129520e-01
4.308218931675075747e-01
4.275124424531095979e-01
4.242492956263519410e-01
4.210316044276666281e-01
4.178585477005001270e-01
4.147293143704431917e-01
4.116431049211176640e-01
4.085991371562378571e-01
4.055966561172516527e-01
4.026349020322047556e-01
3.997131366678259856e-01
3.968306468406878063e-01
3.939867206546402989e-01
3.911806669705705231e-01
3.884118060004143058e-01
3.856794667940367516e-01
3.829830033211324980e-01
3.803217731420220904e-01
3.776951548095339173e-01
3.751025271472934741e-01
3.725432909578552110e-01
3.700168599439210837e-01
3.675226643397805359e-01
3.650601226307651492e-01
3.626286933398090717e-01
3.602278322406032296e-01
3.578570042023125342e-01
3.555156938973598191e-01
3.532033873955042202e-01
3.509195902792828781e-01
3.486638073115857495e-01
3.464355669592087961e-01
3.442343965773503323e-01
3.420598352228572669e-01
3.399114318784546840e-01
3.377887494261144763e-01
3.356913530923907318e-01
3.336188234536768826e-01
3.315707412116229436e-01
3.295467031267387825e-01
3.275463068547762036e-01
3.255691667565749903e-01
3.236149024980471967e-01
3.216831343223165995e-01
3.197734971728354858e-01
3.178856363069031965e-01
3.160191953679928334e-01
3.141738257466317741e-01
3.123491943385294789e-01
3.105449673575572112e-01
3.087608204013243540e-01
3.069964334286377494e-01
3.052514990440549081e-01
3.035257036933984298e-01
3.018187500924950362e-01
3.001303489311399897e-01
2.984602042544279854e-01
2.968080389816840081e-01
2.951735687491714444e-01
2.935565283995161812e-01
2.919566505592579575e-01
2.903736677678912526e-01
2.888073293410442499e-01
2.872573807571665583e-01
2.857235747318749852e-01
2.842056716856766752e-01
2.827034318760291431e-01
2.812166225532992669e-01
2.797450129039286693e-01
2.782883848279212313e-01
2.768465100895795006e-01
2.754191785562018491e-01
2.740061741110447757e-01
2.726072916237999855e-01
2.712223247402603676e-01
2.698510736069698046e-01
2.684933422754066656e-01
2.671489344915473074e-01
2.658176659115232821e-01
2.644993437570709593e-01
2.631937906539201788e-01
