# firecrown_data
1.696713141926467607e-06
5.704616920349943988e-06
1.794436594801068598e-06
3.708458937453862869e-06
3.055713300261647409e-06
6.647840035973015305e-06
3.944903351228316990e-06
3.221679433880062827e-06
1.450075705512571780e-06
1.242356043365972292e-07
2.062856858855344268e-07
1.629744315015566100e-06
-7.755040276463009345e-09
5.022145175427158956e-07
5.135771913563696953e-08
4.487652697541676481e-07
-2.727285286358786995e-08
9.441831497331245972e-06
8.024599659011040159e-06
2.039000842410928470e-06
2.019933013338750214e-06
3.419632785128704612e-06
3.328492619924832493e-06
2.707334506835327717e-06
2.775942105337652876e-07
-4.755017631966288311e-07
9.649363002522362823e-07
2.303517605733769677e-06
6.843851807137281607e-07
8.147288813435839408e-07
4.443872474332072089e-07
4.415814932222407232e-07
7.891082494128441275e-07
5.410971589462488366e-07
2.622319565491189835e-05
2.536416110963044454e-05
1.610460530065291004e-05
1.252366141718745703e-05
1.191194016502913639e-05
1.089676281311645867e-05
6.939758252070929478e-06
5.221386165622859110e-06
3.430446857756129210e-06
7.777259564955866855e-06
2.926422522373374041e-06
2.848512803241311519e-06
3.011854437784310702e-06
2.776111611416992906e-06
2.696570319139467526e-06
3.198547290547809004e-06
2.359212612746826209e-06
1.438595249884410078e-05
1.107370926369682668e-05
7.180941821172010494e-06
6.639573615487538221e-06
3.588989085253800262e-06
2.659402464679480032e-06
3.486474912131356640e-06
2.539713589526467470e-06
7.603135350133095565e-07
2.197182327688966708e-06
3.984179005047912289e-06
2.027441739141200138e-06
1.094783047662518151e-06
1.064071827573890321e-06
9.126316894151427317e-07
6.975557240593237599e-07
7.580502307863116722e-07
3.570312654826305937e-05
2.302076724256458585e-05
1.952486407552721221e-05
1.783184871013580646e-05
1.440844988534998003e-05
1.578361354502487256e-05
8.867782334733132120e-06
7.348485924261320892e-06
6.065675821695736416e-06
6.830730063618126513e-06
5.936637544735833481e-06
5.756363524978549941e-06
4.088711161952064674e-06
3.663913758343955851e-06
2.906496621701072612e-06
3.417902840069951851e-06
2.399476117529608766e-06
4.252191473836154260e-05
4.472081177509958620e-05
3.604261544508438597e-05
2.732757538339329270e-05
2.195155668060505894e-05
1.590408594308456041e-05
1.765703388292546775e-05
1.014454961420864688e-05
9.018627850264309380e-06
9.595981284533692149e-06
7.724511698287368831e-06
7.466523320730955868e-06
6.111200403622179491e-06
6.484790920542752703e-06
4.743251823198769213e-06
4.587552824040637142e-06
3.631469074217969663e-06
2.247824793663036745e-05
1.944176498921750269e-05
1.022155958704242676e-05
5.620901335658336154e-06
5.083042910759331461e-06
5.353300664704478923e-06
4.037960316504962678e-06
3.459298042706089157e-06
9.193757310015502723e-07
1.849253026413008696e-06
2.469716580640351664e-06
8.901293727766905558e-07
2.451556166377004180e-06
1.041630314986255483e-06
1.689284642693937936e-06
2.984056019458442248e-07
6.950608866373906147e-07
4.091252777109847529e-05
3.216169863883441241e-05
2.549422153331886711e-05
2.112419383045841082e-05
1.498544356252200689e-05
1.427455712751682531e-05
1.066526123405198238e-05
9.064087921446434517e-06
7.194983250342382312e-06
7.595780423017258302e-06
8.151624558380887373e-06
6.403949721762250932e-06
4.101120554383929777e-06
3.455945720941769412e-06
3.762251781643056678e-06
2.441051119093676385e-06
2.241611456299805519e-06
6.047356609741091346e-05
4.751233382530704619e-05
4.295257379404480785e-05
2.866849662983455741e-05
2.802700968861851014e-05
1.881606670431179332e-05
1.773360254134493102e-05
1.331527210041946705e-05
8.902959557681310815e-06
1.325456681347921303e-05
1.163215393146206923e-05
6.264542319060294134e-06
7.132479552688591460e-06
6.418648964063838333e-06
2.983366819597575512e-06
4.369987000718504109e-06
3.073880829004654588e-06
6.311321125518900503e-05
6.866952435578793201e-05
4.782946261617550943e-05
3.497016142771198978e-05
3.265587932948486882e-05
3.082258484977785733e-05
2.087440562339190706e-05
1.676214392526621566e-05
1.093941331924759997e-05
1.501364652130304320e-05
1.328877616022280234e-05
8.696926768318721787e-06
5.233631151413340418e-06
8.029292483858063310e-06
7.714984847250737444e-06
5.331176454961877292e-06
5.598185736641946962e-07
