# firecrown_theory
1.327414131911261997e-05
1.059394846183948657e-05
8.473326175829518444e-06
6.801335996249523335e-06
5.488909060194407103e-06
4.444620658979840040e-06
3.598983744616162345e-06
2.900761054407981255e-06
2.315457421990982939e-06
2.773315573490405649e-06
2.265564330971022427e-06
1.844264876728334545e-06
1.503766395625294833e-06
1.232742656019293729e-06
1.017879795479683550e-06
8.457960723522016549e-07
7.053104527864785147e-07
1.979689777596057963e-05
1.585433084052911357e-05
1.276242866234541070e-05
1.031781429770863815e-05
8.377833605794878904e-06
6.805353504710215944e-06
5.506330537595013788e-06
4.415174124535558855e-06
3.490934249813149453e-06
4.169097171327849646e-06
3.398975038788089473e-06
2.775091815816387265e-06
2.278115042300368876e-06
1.883939596770080782e-06
1.568943186353953134e-06
1.312525378752209597e-06
1.098395849022485356e-06
3.539933502467186149e-05
2.859515986164955592e-05
2.326126673297485909e-05
1.897042011451680318e-05
1.547929840032668397e-05
1.256721363674492360e-05
1.010105777818825529e-05
7.997175926813805094e-06
6.206812182870673588e-06
7.470287596057605626e-06
6.114474420909877317e-06
5.040292021510085368e-06
4.190222982163036757e-06
3.509046133056463792e-06
2.951913216765936465e-06
2.482741363806776625e-06
2.076165980629334009e-06
2.358386919289336448e-05
1.894357133983622533e-05
1.529364248775698070e-05
1.238458349389039185e-05
1.005450918805848330e-05
8.147746826143396079e-06
6.562198953950266304e-06
5.226811650423577664e-06
4.097875392838908066e-06
4.965516673272861458e-06
4.060376518231538006e-06
3.329486013622535792e-06
2.745958895977755246e-06
2.279617576924837975e-06
1.902815971363075204e-06
1.591822372139971133e-06
1.327691855247369624e-06
4.523073738261641883e-05
3.670221523326204868e-05
2.997008489994719624e-05
2.448775856848956221e-05
1.997114489710037998e-05
1.615938166893722059e-05
1.291237842286313176e-05
1.013643928093687967e-05
7.783232231958992915e-06
9.517591791721642127e-06
7.827761840586289419e-06
6.492578319905711278e-06
5.430032963420384073e-06
4.568122831644941750e-06
3.850814583045152473e-06
3.237015855996031240e-06
2.698063452001021134e-06
6.407646788453123668e-05
5.232115116735658241e-05
4.290150161728516573e-05
3.506561313618790956e-05
2.849458028693950412e-05
2.288057900487223685e-05
1.807144853897023134e-05
1.397348939009229691e-05
1.053171638479936832e-05
1.339271786836566129e-05
1.112044837547797318e-05
9.314971107583715050e-06
7.854753311952123791e-06
6.640122485816068280e-06
5.601304095943995543e-06
4.691600069837205078e-06
3.882084287590829123e-06
2.558411470048446297e-05
2.057853125520154130e-05
1.663068904001598766e-05
1.346865095399559211e-05
1.092429213667394432e-05
8.834789450245591431e-06
7.093416611849562123e-06
5.627918499605179015e-06
4.391836948372965353e-06
5.384239734987605243e-06
4.412101917685121475e-06
3.626295233981991850e-06
2.997007006289908527e-06
2.491220218620317630e-06
2.080018022927417153e-06
1.738629337902965896e-06
1.446295880617129899e-06
4.975582365440967106e-05
4.043485308058700548e-05
3.305659464686006949e-05
2.702097580043178227e-05
2.202702118580421740e-05
1.779775575615387211e-05
1.418831673578274696e-05
1.110242832701475250e-05
8.490639196887805681e-06
1.045823104096758440e-05
8.617388550970133133e-06
7.163315905334908442e-06
6.002882598310039818e-06
5.056915952021942469e-06
4.265017484535209768e-06
3.583642102282620089e-06
2.982468154606622681e-06
7.398855250988002109e-05
6.053543436125790147e-05
4.968688614641952672e-05
4.058476350062486122e-05
3.291054867363933379e-05
2.632818256867438736e-05
2.068951607298980092e-05
1.589461920098717668e-05
1.188691374156424363e-05
1.542560717862775195e-05
1.285923816101785746e-05
1.081056761428354082e-05
9.141300275069050426e-06
7.735775425494396842e-06
6.522077485278190345e-06
5.451927586994649787e-06
4.493403721686173225e-06
8.798879939878867236e-05
7.213990214517518155e-05
5.924780997563754977e-05
4.833117081988272943e-05
3.905846547370474422e-05
3.108611374241282063e-05
2.425934793481004513e-05
1.847770888802917878e-05
1.367871041328425534e-05
1.828842555156061567e-05
1.532323763229788139e-05
1.293922501055792326e-05
1.097040051711584457e-05
9.291818588804110193e-06
7.823398002210266275e-06
6.519989968705707481e-06
5.340641374473680840e-06
