# firecrown_theory
2.474979205761343594e-10
1.713386208886184747e-10
1.146313798817982212e-10
7.335679775802382694e-11
4.472504566631835888e-11
2.621784032479590033e-11
3.879767894273804558e-10
2.742561194600600015e-10
1.882846242686106982e-10
1.239250172825722301e-10
7.765564691521866039e-11
4.659589870390802799e-11
7.855809309218788310e-10
5.669126750769307793e-10
4.019937878011077969e-10
2.753348694576476068e-10
1.800700170729388041e-10
1.124845936431657073e-10
4.787849339870169786e-10
3.389357872433964468e-10
2.343994050346424003e-10
1.562098766898864691e-10
9.954800766598406323e-11
6.093631584203981097e-11
1.038918431036336955e-09
7.508056587561299637e-10
5.361781746687865850e-10
3.720013088169009422e-10
2.471711587517007896e-10
1.571106457973652411e-10
1.557188353468243371e-09
1.119855484487152307e-09
8.048280370029606075e-10
5.665878110869262536e-10
3.849039838055063758e-10
2.512446070061442265e-10
5.389883671347624678e-10
3.809283650765822451e-10
2.639631188863993925e-10
1.768536724686116872e-10
1.136606106752711435e-10
7.034566065776689853e-11
1.173957868884983665e-09
8.482384482349402760e-10
6.073125565289248195e-10
4.228210670583865651e-10
2.824294410450211220e-10
1.806058186115301937e-10
1.871412454629644904e-09
1.340282818371033010e-09
9.635392875224146759e-10
6.811970959627117461e-10
4.662148555538182059e-10
3.072672113889803275e-10
2.343163448737788421e-09
1.666148990895176440e-09
1.196040146914799932e-09
8.487845382151040897e-10
5.857531885389671301e-10
3.905254419521475369e-10
