# firecrown_data
-3.691004981926682786e-11
1.872711136320334091e-10
2.953560274951181345e-11
1.082465894762121855e-10
8.950554696183208143e-11
6.305565335322372937e-11
4.726895074733779949e-10
1.290484430307022519e-10
1.552717117560361356e-10
1.688675409953279835e-10
7.592039374654054078e-11
5.181703433914573991e-11
8.148340909429734788e-10
5.762474772454300305e-10
4.573185120802172853e-10
2.625538815121153740e-10
1.819848599902079802e-10
7.350165954718103450e-11
3.646929207002691235e-10
4.870568512850901189e-10
2.999776279577692067e-10
1.224563957888631794e-10
1.591033583331450643e-10
5.378809183722098802e-11
1.192066887338056069e-09
8.346780877031813735e-10
4.543830701547651958e-10
4.462404846142563063e-10
2.285628350217901849e-10
1.807136510980590398e-10
1.552298581233503504e-09
1.180652950432628035e-09
7.262570583940370775e-10
5.249076249071510108e-10
4.372664804752397831e-10
3.008590672342401720e-10
3.720116244754641887e-10
2.654196336282458863e-10
3.481161824691967622e-10
1.191287981795880170e-10
9.229672843168690359e-11
8.060731952564293544e-11
1.136797678200915925e-09
1.129187086442666730e-09
6.055762830887920460e-10
4.219409843911631053e-10
2.340115889978050838e-10
1.245362103035239610e-10
1.889804843080573093e-09
1.569180454732937929e-09
1.107460548804810030e-09
6.114573134498432745e-10
4.398484414778297827e-10
3.057901641285138843e-10
1.825660058373770711e-09
2.023907755121924273e-09
1.159192850260649454e-09
8.475246432666824183e-10
4.999080335181105003e-10
3.939651749802754106e-10
