# d_z
1.000000000000000000e+00
9.910639898741752107e-01
9.821567993130708718e-01
9.732833312803285120e-01
9.644479993588336297e-01
9.556554253147622191e-01
9.469094798585888650e-01
9.382141142939272038e-01
9.295728580299393862e-01
9.209892192701526481e-01
9.124661845483498235e-01
9.040068278909895172e-01
8.956138179600064975e-01
8.872896041809843481e-01
8.790365300657548842e-01
8.708566447001120370e-01
8.627518143889241209e-01
8.547237065064275940e-01
8.467740017109706141e-01
8.389041065121096707e-01
8.311149111957076840e-01
8.234076932347131894e-01
8.157834447017943136e-01
8.082426412103618230e-01
8.007860909066328858e-01
7.934142455154037377e-01
7.861274664425553782e-01
7.789259361879891097e-01
7.718099453271632937e-01
7.647795619403938705e-01
7.578346485283146139e-01
7.509750514718889214e-01
7.442006527840706598e-01
7.375111801474062423e-01
7.309061468382854754e-01
7.243852713691222300e-01
7.179480135392913853e-01
7.115938796975386227e-01
7.053221651901768752e-01
6.991324081148198033e-01
6.930238642134276539e-01
6.869957366955692368e-01
6.810473580845555208e-01
6.751778931726868382e-01
6.693867131395998538e-01
6.636727045627471844e-01
6.580352095639407928e-01
6.524732842451496095e-01
6.469860399910182247e-01
6.415726140685833467e-01
6.362320493345423600e-01
6.309633753472185802e-01
6.257657334428869955e-01
6.206381453092407741e-01
6.155796485486718650e-01
6.105893654593720354e-01
6.056662835872387296e-01
6.008094084231541121e-01
5.960179362342193921e-01
5.912907097415577296e-01
5.866270255475283246e-01
5.820256448994446385e-01
5.774859735198915045e-01
5.730068452313659133e-01
5.685873989933025729e-01
5.642267558018935203e-01
5.599239321310143236e-01
5.556781407144668616e-01
5.514883811943940284e-01
5.473538366024904844e-01
5.432736373642899075e-01
5.392469104798170987e-01
5.352727462368803701e-01
5.313503925734285316e-01
5.274790171114378534e-01
5.236577055157147775e-01
5.198858162748652978e-01
5.161623334017334530e-01
5.124866863679985451e-01
5.088580230022257123e-01
5.052755473708674394e-01
5.017385362410752281e-01
4.982462694828010408e-01
4.947979841949312063e-01
4.913930211138810566e-01
4.880305822065629795e-01
4.847100821624454325e-01
4.814308096204244491e-01
4.781920682848716520e-01
4.749931965363915487e-01
4.718335531053515775e-01
4.687125631653606406e-01
4.656295404583831732e-01
4.625838490747342657e-01
4.595749691377459811e-01
4.566022649119650945e-01
4.536651320408643384e-01
4.507630117810797477e-01
4.478953451400123353e-01
4.450615992974591983e-01
4.422612467080884735e-01
4.394936738655644271e-01
4.367584436826072447e-01
4.340550141878110058e-01
4.313828405489516515e-01
4.287415264044219243e-01
4.261304815066583873e-01
4.235493001109868483e-01
4.209974544372562799e-01
4.184745397967807867e-01
4.159800920189989371e-01
4.135136478882446842e-01
4.110748241437487405e-01
4.086630843742162233e-01
4.062781322418120844e-01
4.039194880692999479e-01
4.015867629053606613e-01
3.992795741634620477e-01
3.969974817443454040e-01
3.947401883853021709e-01
3.925072317816374889e-01
3.902983318444195882e-01
3.881130039548112420e-01
3.859510336229483585e-01
3.838119796365626057e-01
3.816955184746183560e-01
3.796013469761938541e-01
3.775290855634785836e-01
3.754784428266721985e-01
3.734490960920771596e-01
3.714407273721207492e-01
3.694530529892152138e-01
3.674857169935486501e-01
3.655384392966520291e-01
3.636109884341869880e-01
3.617029874730857686e-01
3.598142683540866416e-01
3.579444461460393190e-01
3.560933303087044366e-01
3.542605909420212806e-01
3.524460379335346283e-01
3.506493119227852562e-01
3.488702739510274320e-01
3.471086220601380390e-01
3.453640928210271466e-01
3.436365177877951926e-01
3.419255686814792194e-01
3.402310714880154574e-01
3.385528274280355521e-01
3.368905407847753719e-01
