# da
0.000000000000000000e+00
6.703037371090226770e+01
1.309863403953450245e+02
1.920354785460133087e+02
2.503333028502879642e+02
3.060243784498234731e+02
3.592433127503549599e+02
4.101156400027680320e+02
4.587586117713407248e+02
5.052819046224669819e+02
5.497882548527912832e+02
5.923740287851908306e+02
6.331297360580075519e+02
6.721404923873726602e+02
7.094864374696372806e+02
7.452431129902778366e+02
7.794818051001623189e+02
8.122698551954600816e+02
8.436709423819235099e+02
8.737453406077120235e+02
9.025501531030383831e+02
9.301395264625383561e+02
9.565648464414684895e+02
9.818749173044806184e+02
1.006116126361491752e+03
1.029332595145400319e+03
1.051566318527858812e+03
1.072857292929360028e+03
1.093243634656161476e+03
1.112761689287012132e+03
1.131446132935598825e+03
1.149330066128477029e+03
1.166445100961815115e+03
1.182821442132239326e+03
1.198487962376646465e+03
1.213472272801942381e+03
1.227800788537712833e+03
1.241498790101998338e+03
1.254590480832181356e+03
1.267099040698838280e+03
1.279046676789959520e+03
1.290454670725633150e+03
1.301343423238905871e+03
1.311732496136657119e+03
1.321640651834734172e+03
1.331085890644021219e+03
1.340085485968335433e+03
1.348656017560851069e+03
1.356813402973051325e+03
1.364572927318678467e+03
1.371949271464872481e+03
1.378956538753332552e+03
1.385608280345963522e+03
1.391917519281846808e+03
1.397896773325511958e+03
1.403558076680281147e+03
1.408913000634797072e+03
1.413972673205746787e+03
1.418747797835126448e+03
1.423248671196182841e+03
1.427485200158284670e+03
1.431466917957494616e+03
1.435202999616357374e+03
1.438702276653528770e+03
1.441973251121126168e+03
1.445024109005256832e+03
1.447862733022873272e+03
1.450496714846045279e+03
1.452933366782787516e+03
1.455179732941818656e+03
1.457242599906990108e+03
1.459128506945592790e+03
1.460843755773336170e+03
1.462394419897517537e+03
1.463786353558635255e+03
1.465025200289618397e+03
1.466116401110756215e+03
1.467065202377444166e+03
1.467876663296946845e+03
1.468555663129498726e+03
1.469106908088291902e+03
1.469534937952111704e+03
1.469844132403698950e+03
1.470038717106243894e+03
1.470122769529781408e+03
1.470100224538689645e+03
1.469974879750921900e+03
1.469750400679091399e+03
1.469430325663022813e+03
1.469018070602936177e+03
1.468516933501972517e+03
1.467930098826355788e+03
1.467260641691116689e+03
1.466511531878890537e+03
1.465685637698981736e+03
1.464785729693543544e+03
1.463814484197385127e+03
1.462774486757655495e+03
1.461668235419336952e+03
1.460498143882208524e+03
1.459266544534710874e+03
1.457975691369864080e+03
1.456627762788185919e+03
1.455224864292310258e+03
1.453769031077823001e+03
1.452262230524601364e+03
1.450706364592783302e+03
1.449103272127282935e+03
1.447454731074611118e+03
1.445762460615599139e+03
1.444028123217445000e+03
1.442253326608384214e+03
1.440439625678104676e+03
1.438588523437423873e+03
1.436701476203918901e+03
1.434779890237054815e+03
1.432825126693997163e+03
1.430838502382516708e+03
1.428821291274684654e+03
1.426774725964827667e+03
1.424699999073950266e+03
1.422598264602740528e+03
1.420470639235190902e+03
1.418318203594770466e+03
1.416142003455016265e+03
1.413943050906319513e+03
1.411722325480614927e+03
1.409480775235624151e+03
1.407219317800193494e+03
1.404938841382263945e+03
1.402640205740881356e+03
1.400324243123658334e+03
1.397991759170993873e+03
1.395643533788325612e+03
1.393280321987637990e+03
1.390902854699391128e+03
1.388511839555994811e+03
1.386107961647897127e+03
1.383691884253330272e+03
1.381264249542692596e+03
1.378825679258525952e+03
1.376376775372001248e+03
1.373918120716774183e+03
1.371450279601077682e+03
1.368973798398826375e+03
1.366489206120543031e+03
1.363997014964815889e+03
1.361497720851032000e+03
1.358991803934056179e+03
1.356479729101521798e+03
