# f_ap
0.000000000000000000e+00
2.027360104164559196e-02
4.069732716486351709e-02
6.127952188623857904e-02
8.202842567213126934e-02
1.029521610122047237e-01
1.240587185317376384e-01
1.453559441673381303e-01
1.668515274214765198e-01
1.885529907024237617e-01
2.104676797477998407e-01
2.326027551221027390e-01
2.549651847713568231e-01
2.775617376114511980e-01
3.003989781208568077e-01
3.234832619032499967e-01
3.468207321811310195e-01
3.704173171777952467e-01
3.942787283419988409e-01
4.184104593673025896e-01
4.428177859563775520e-01
4.675057662794400160e-01
4.924792420754418032e-01
5.177428403445889504e-01
5.433009755811822883e-01
5.691578524965899000e-01
5.953174691833325038e-01
6.217836206727395121e-01
6.485599028403687960e-01
6.756497166153117018e-01
7.030562724516188355e-01
7.307825950222909261e-01
7.588315280986220879e-01
7.872057395799983981e-01
8.159077266417048557e-01
8.449398209706119323e-01
8.743041940610333240e-01
9.040028625452989353e-01
9.340376935358883914e-01
9.644104099580924627e-01
9.951225958542985195e-01
1.026175701642946692e+00
1.057571049317120426e+00
1.089309837569487849e+00
1.121393146832006193e+00
1.153821944220345896e+00
1.186597088374455655e+00
1.219719334188013704e+00
1.253189337420792970e+00
1.287007659189048026e+00
1.321174770330122650e+00
1.355691055638382103e+00
1.390556817970464598e+00
1.425772282218580544e+00
1.461337599151311561e+00
1.497252849121951002e+00
1.533518045644984618e+00
1.570133138841799170e+00
1.607098018757105562e+00
1.644412518547938573e+00
1.682076417547413216e+00
1.720089444205683105e+00
1.758451278910756255e+00
1.797161556692030704e+00
1.836219869809534666e+00
1.875625770232012046e+00
1.915378772007048758e+00
1.955478353526522772e+00
1.995923959690682814e+00
2.036715003974206795e+00
2.077850870397583538e+00
2.119330915407142246e+00
2.161154469667029066e+00
2.203320839766438777e+00
2.245829309845275290e+00
2.288679143141460148e+00
2.331869583462947038e+00
2.375399856587526060e+00
2.419269171593369183e+00
2.463476722123179474e+00
2.508021687584795156e+00
2.552903234290943679e+00
2.598120516540806779e+00
2.643672677645938496e+00
2.689558850903016385e+00
2.735778160515808910e+00
2.782329722468662503e+00
2.829212645353730515e+00
2.876426031154044605e+00
2.923968975984526875e+00
2.971840570792891878e+00
3.020039902022300549e+00
3.068566052237635233e+00
3.117418100717094021e+00
3.166595124010788354e+00
3.216096196467943980e+00
3.265920390734189382e+00
3.316066778220460254e+00
3.366534429544879359e+00
3.417322414948914755e+00
3.468429804689156626e+00
3.519855669405878018e+00
3.571599080469551435e+00
3.623659110306450604e+00
3.676034832704354383e+00
3.728725323099400413e+00
3.781729658845015329e+00
3.835046919463857229e+00
3.888676186883621266e+00
3.942616545657570359e+00
3.996867083170523305e+00
4.051426889831144074e+00
4.106295059251122481e+00
4.161470685896810906e+00
4.216952875112333743e+00
4.272740728738455118e+00
4.328833354752849694e+00
4.385229865059401710e+00
4.441929375602351016e+00
4.498931006471551974e+00
4.556233881999266266e+00
4.613837130848983392e+00
4.671739886096679228e+00
4.729941285304936294e+00
4.788440470590292541e+00
4.847236588684239678e+00
4.906328790988121469e+00
4.965716233622430309e+00
5.025398077470625502e+00
5.085373488217936888e+00
5.145641636385330564e+00
5.206201697358969760e+00
5.267052851415426673e+00
5.328194283742821113e+00
5.389625184458225249e+00
5.451344748621447245e+00
5.513352176245508218e+00
5.575646672303883555e+00
5.638227446734856763e+00
5.701093714442976967e+00
5.764244695297985110e+00
5.827679614131192842e+00
5.891397700729586795e+00
5.955398189827760369e+00
6.019680321097778730e+00
6.084243339137187512e+00
6.149086493455182101e+00
6.214209038457143564e+00
6.279610233427615817e+00
6.345289342511830633e+00
