# f_z
4.426510174104059669e-01
4.543214151217536134e-01
4.658761467232607756e-01
4.773069580243320953e-01
4.886061819176957810e-01
4.997666957112527619e-01
5.107819712727627026e-01
5.216460209478726018e-01
5.323534082151470948e-01
5.428992518124791111e-01
5.532792065084654043e-01
5.634894519511646216e-01
5.735266484789225405e-01
5.833879587777875964e-01
5.930710373882186470e-01
6.025739577784504641e-01
6.118952369595973551e-01
6.210338206242566050e-01
6.299890130779741693e-01
6.387605159054889903e-01
6.473483659142551527e-01
6.557529286769017141e-01
6.639748689832056794e-01
6.720151252238520945e-01
6.798749246084002662e-01
6.875557239149359123e-01
6.950591815264195450e-01
7.023871701564896597e-01
7.095417628449108838e-01
7.165251697121540753e-01
7.233397548129381072e-01
7.299880240818762411e-01
7.364725950902670792e-01
7.427961841947071653e-01
7.489615833212267537e-01
7.549716564867368085e-01
7.608293598162102489e-01
7.665376489392894399e-01
7.720995645805687202e-01
7.775181398106433273e-01
7.827964490389855978e-01
7.879375524183827029e-01
7.929445502319352190e-01
7.978205070080758299e-01
8.025684586235564133e-01
8.071914908327396665e-01
8.116926120526647415e-01
8.160747750129545564e-01
8.203409848513885105e-01
8.244941612950130727e-01
8.285371780680409470e-01
8.324728749035679165e-01
8.363040517981841226e-01
8.400334728881816426e-01
8.436638262687613521e-01
8.471977727354428334e-01
8.506379046180162495e-01
8.539867767749325100e-01
8.572468609154012542e-01
8.604206130086127224e-01
8.635104137095460652e-01
8.665185896042326696e-01
8.694474131220431001e-01
8.722991013842935626e-01
8.750758211286496779e-01
8.777796819484779967e-01
8.804127460040244157e-01
8.829770014713095305e-01
8.854743996159635255e-01
8.879068529202595039e-01
8.902761747908749523e-01
8.925841929766977767e-01
8.948326523394598553e-01
8.970232368092070363e-01
8.991576105324277091e-01
9.012373630644496814e-01
9.032640514828240708e-01
9.052392177154652275e-01
9.071643003037710429e-01
9.090407243389031500e-01
9.108699007047238450e-01
9.126531706705242053e-01
9.143918020060786134e-01
9.160871114766759860e-01
9.177402965971670490e-01
9.193525684748943272e-01
9.209250625534829426e-01
9.224589277808588061e-01
9.239552280527988382e-01
9.254150261822213785e-01
9.268393695282062250e-01
9.282292297361840472e-01
9.295855756020183769e-01
9.309093187246463286e-01
9.322014231721883482e-01
9.334627158895352217e-01
9.346940579432261309e-01
9.358962995770370163e-01
9.370702207546961482e-01
9.382166273562697612e-01
9.393362330846178887e-01
9.404297903790262980e-01
9.414980198443491100e-01
9.425416025361538219e-01
9.435611936997024829e-01
9.445574466466785113e-01
9.455310031336717769e-01
9.464824635274765585e-01
9.474123949779771348e-01
9.483214146012587387e-01
9.492100670359596704e-01
9.500788824768637841e-01
9.509283630457834313e-01
9.517590554859757246e-01
9.525714319315488066e-01
9.533659903721337647e-01
9.541431564547681043e-01
9.549034257351152188e-01
9.556471984202534742e-01
9.563749481642082051e-01
9.570870201390445642e-01
9.577838755245164926e-01
9.584658828498336947e-01
9.591334075134875237e-01
9.597868198002103002e-01
9.604264922440390873e-01
9.610527483844714114e-01
9.616659413751181829e-01
9.622663785938487813e-01
9.628543924978604229e-01
9.634302920900044143e-01
9.639943775461463638e-01
9.645469276261567915e-01
9.650882305391017546e-01
9.656185680985638342e-01
9.661381888791585881e-01
9.666473762643410517e-01
9.671463674683291600e-01
9.676354128094901696e-01
9.681147520830443165e-01
9.685846113147910108e-01
9.690452136409796191e-01
9.694968008482401922e-01
9.699395553598764153e-01
9.703736882163289668e-01
9.707994260022806410e-01
9.712169415748110879e-01
9.716264271509190698e-01
9.720280997104380205e-01
9.724221113133666439e-01
