# fsigma_8
4.131487630821266133e-01
4.202549304691003962e-01
4.270730673894670426e-01
4.336016548468845655e-01
4.398400301097974974e-01
4.457883396881974769e-01
4.514475027990836331e-01
4.568191417502379670e-01
4.619055517425431079e-01
4.667096640559476040e-01
4.712349762853290658e-01
4.754855180390930025e-01
4.794657785514295223e-01
4.831806979523969314e-01
4.866356013659769442e-01
4.898361480194249884e-01
4.927882929198802997e-01
4.954982553480168361e-01
4.979724628357738991e-01
5.002175237625673399e-01
5.022402012279442163e-01
5.040473516019742251e-01
5.056459166390989690e-01
5.070428888797343658e-01
5.082452786478843798e-01
5.092600986346578207e-01
5.100943214157306338e-01
5.107548911503903000e-01
5.112486701113537757e-01
5.115824531426229616e-01
5.117629133909303851e-01
5.117966399011353307e-01
5.116900797531790390e-01
5.114495585280144363e-01
5.110812509857836083e-01
5.105911755317998901e-01
5.099852207355755063e-01
5.092690904613391689e-01
5.084483366740379928e-01
5.075283396155481075e-01
5.065143102977560652e-01
5.054112991837933500e-01
5.042241777960351223e-01
5.029576561966729864e-01
5.016162552141673059e-01
5.002043630586663348e-01
4.987261832351838620e-01
4.971857433588467434e-01
4.955869408070645576e-01
4.939335043533282787e-01
4.922289998564204350e-01
4.904768519412112115e-01
4.886803418950457223e-01
4.868426102622654406e-01
4.849666486549948918e-01
4.830553302610731681e-01
4.811113837067811372e-01
4.791374243870707983e-01
4.771359332821009658e-01
4.751092843584484582e-01
4.730597437372831560e-01
4.709894512578041703e-01
4.689004534228963239e-01
4.667946957614080294e-01
4.646740236174158323e-01
4.625401860773126206e-01
4.603948552719384635e-01
4.582396011199175168e-01
4.560759192686679730e-01
4.539052302787435766e-01
4.517288683896007462e-01
4.495481116194773863e-01
4.473641503221209570e-01
4.451781291389894646e-01
4.429911097684602894e-01
4.408041077925010653e-01
4.386180666909822445e-01
4.364338981484102709e-01
4.342524374912897778e-01
4.320744841680651538e-01
4.299007878136822947e-01
4.277320493699416359e-01
4.255689249118382866e-01
4.234120418437299915e-01
4.212619741875987533e-01
4.191192673063865448e-01
4.169844226720697544e-01
4.148579225678290516e-01
4.127402013462183605e-01
4.106316752075250265e-01
4.085327211621672117e-01
4.064437000193922289e-01
4.043649410142571288e-01
4.022967403000161091e-01
4.002393894388976969e-01
3.981931402173496393e-01
3.961582320175778826e-01
3.941348863654826618e-01
3.921232997306877688e-01
3.901236572698377758e-01
3.881361126192925948e-01
3.861608243899884996e-01
3.841979209818384700e-01
3.822475265231841668e-01
3.803097365023007659e-01
3.783846524625024688e-01
3.764723503075588784e-01
3.745728986897685631e-01
3.726863530940725533e-01
3.708127680638642065e-01
3.689521830663889945e-01
3.671046197736906880e-01
3.652700950682606917e-01
3.634486344560954874e-01
3.616402354621445214e-01
3.598448963669919620e-01
3.580626048415075924e-01
3.562933539969175833e-01
3.545371168149771823e-01
3.527938709211358437e-01
3.510635774071091952e-01
3.493462047603209664e-01
3.476417134765308337e-01
3.459500547656913505e-01
3.442711776132728052e-01
3.426050341126480880e-01
3.409515619713469614e-01
3.393107034485244866e-01
3.376823946536984256e-01
3.360665709730073503e-01
3.344631660059340650e-01
3.328721068005023875e-01
3.312933212761410284e-01
3.297267346655713416e-01
3.281722696237344694e-01
3.266298466713795645e-01
3.250993886164863511e-01
3.235808124599830471e-01
3.220740332873038847e-01
3.205789715005292750e-01
3.190955406694038765e-01
3.176236519126613422e-01
3.161632256097894333e-01
3.147141662713588417e-01
3.132763913415958501e-01
3.118498096878645209e-01
3.104343291867556198e-01
3.090298661035602024e-01
3.076363321454148037e-01
3.062536317605014657e-01
