# h
8.824860000000001037e+01
8.887795790310200061e+01
8.952804842133350860e+01
9.019891790144554022e+01
9.089059710105006218e+01
9.160310168967224342e+01
9.233643277854953624e+01
9.309057747528380844e+01
9.386550945945002411e+01
9.466118957530369471e+01
9.547756643780495267e+01
9.631457704829033162e+01
9.717214741626214902e+01
9.805019318393601679e+01
9.894862025037457443e+01
9.986732539224479410e+01
1.008061968784557649e+02
1.017651150761655430e+02
1.027439530458810708e+02
1.037425771236145238e+02
1.047608474882965197e+02
1.057986187128810229e+02
1.068557402978048856e+02
1.079320571856835898e+02
1.090274102563362391e+02
1.101416368014294989e+02
1.112745709782165875e+02
1.124260442420209500e+02
1.135958857572716170e+02
1.147839227870439771e+02
1.159899810611889990e+02
1.172138851232530641e+02
1.184554586564927803e+02
1.197145247893805902e+02
1.209909063810759591e+02
1.222844262874017147e+02
1.235949076079235880e+02
1.249221739147729409e+02
1.262660494638913633e+02
1.276263593894010597e+02
1.290029298818252528e+02
1.303955883508943430e+02
1.318041635736797446e+02
1.332284858287970337e+02
1.346683870174157391e+02
1.361237007718038399e+02
1.375942625521216200e+02
1.390799097321650777e+02
1.405804816747391044e+02
1.420958197973210986e+02
1.436257676286527385e+02
1.451701708568739662e+02
1.467288773697902116e+02
1.483017372878353513e+02
1.498886029902715791e+02
1.514893291351376945e+02
1.531037726734336673e+02
1.547317928580041837e+02
1.563732512475576186e+02
1.580280117062319221e+02
1.596959403990978217e+02
1.613769057839621155e+02
1.630707785998160091e+02
1.647774318522474744e+02
1.664967407961189849e+02
1.682285829157899855e+02
1.699728379031465977e+02
1.717293876336796643e+02
1.734981161408378512e+02
1.752789095888653605e+02
1.770716562443177793e+02
1.788762464464348341e+02
1.806925725765357527e+02
1.825205290265899123e+02
1.843600121671025249e+02
1.862109203144442233e+02
1.880731536977418443e+02
1.899466144254394067e+02
1.918312064516270254e+02
1.937268355422274908e+02
1.956334092411219956e+02
1.975508368362895055e+02
1.994790293260264491e+02
2.014178993853058444e+02
2.033673613323322797e+02
2.053273310953393604e+02
2.072977261796742425e+02
2.092784656352074535e+02
2.112694700241015653e+02
2.132706613889693585e+02
2.152819632214485068e+02
2.173033004312134153e+02
2.193345993154458711e+02
2.213757875287802221e+02
2.234267940537375523e+02
2.254875491716602767e+02
2.275579844341556850e+02
2.296380326350577548e+02
2.317276277829109006e+02
2.338267050739798663e+02
2.359352008657887723e+02
2.380530526511899723e+02
2.401801990329609282e+02
2.423165796989309229e+02
2.444621353976309592e+02
2.466168079144678700e+02
2.487805400484148777e+02
2.509532755892156786e+02
2.531349592950968201e+02
2.553255368709810114e+02
2.575249549471956243e+02
2.597331610586703619e+02
2.619501036246145418e+02
2.641757319286693360e+02
2.664099960995241076e+02
2.686528470919915321e+02
2.709042366685313254e+02
2.731641173812156467e+02
2.754324425541256574e+02
2.777091662661740656e+02
2.799942433343410357e+02
2.822876292973182331e+02
2.845892803995503755e+02
2.868991535756670714e+02
2.892172064352942016e+02
2.915433972482401259e+02
2.938776849300429603e+02
2.962200290278765351e+02
2.985703897068020183e+02
3.009287277363588373e+02
3.032950044774876801e+02
3.056691818697757981e+02
3.080512224190185862e+02
3.104410891850874918e+02
3.128387457701002177e+02
3.152441563068809955e+02
3.176572854477084888e+02
3.200780983533401240e+02
3.225065606823095550e+02
3.249426385804855499e+02
3.273862986708923017e+02
3.298375080437765519e+02
3.322962342469226655e+02
3.347624452762037208e+02
3.372361095663658261e+02
3.397171959820380494e+02
3.422056738089622172e+02
3.447015127454378103e+02
3.472046828939747343e+02
3.497151547531508413e+02
