# rs_dv
inf
1.997071508510417148e+00
1.003364365425706728e+00
6.722087210619953623e-01
5.066906076158588235e-01
4.074271930259409924e-01
3.412908361419650372e-01
2.940839517892814281e-01
2.587077270617960667e-01
2.312183601026772117e-01
2.092495556249637789e-01
1.912954774229232435e-01
1.763522246247246905e-01
1.637247804369420245e-01
1.529166971314010193e-01
1.435639070249015714e-01
1.353933543273597440e-01
1.281962274986350181e-01
1.218101141366640383e-01
1.161067911470790165e-01
1.109836778446367384e-01
1.063577310082915034e-01
1.021610049039904100e-01
9.833736954540746311e-02
9.484004937291223847e-02
9.162975263350403576e-02
8.867323242679801820e-02
8.594216750370674285e-02
8.341228287979249312e-02
8.106265237721177463e-02
7.887514064552225701e-02
7.683395316644710260e-02
7.492527062145810934e-02
7.313694972741417721e-02
7.145827685604803914e-02
6.987976388093634916e-02
6.839297804146005078e-02
6.699039938851472642e-02
6.566530073152206104e-02
6.441164604844078212e-02
6.322400412813163062e-02
6.209747484479989643e-02
6.102762595952111735e-02
6.001043873547670660e-02
5.904226096503878418e-02
5.811976625605343866e-02
5.723991862512170514e-02
5.639994160774444709e-02
5.559729122687237513e-02
5.482963226889739361e-02
5.409481740426180796e-02
5.339086876245169311e-02
5.271596163116519518e-02
5.206840999927846159e-02
5.144665370475959287e-02
5.084924698341188737e-02
5.027484824347879661e-02
4.972221091569008211e-02
4.919017524906865724e-02
4.867766094039208125e-02
4.818366050014410290e-02
4.770723327052569379e-02
4.724750002198437743e-02
4.680363806405136995e-02
4.637487681429814518e-02
4.596049377613272563e-02
4.555981088212567032e-02
4.517219116472122320e-02
4.479703572067374878e-02
4.443378093944718582e-02
4.408189596921378156e-02
4.374088039705536363e-02
4.341026212256719058e-02
4.308959540634083735e-02
4.277845907680326992e-02
4.247645488064865499e-02
4.218320596365190966e-02
4.189835547002367100e-02
4.162156524967875609e-02
4.135251466386540703e-02
4.109089948055587999e-02
4.083643085184758548e-02
4.058883436637861220e-02
4.034784917043507391e-02
4.011322715202875200e-02
3.988473218276145094e-02
3.966213941277361293e-02
3.944523461450679530e-02
3.923381357139719278e-02
3.902768150796576130e-02
3.882665255808443600e-02
3.863054926848059900e-02
3.843920213479688069e-02
3.825244916775420723e-02
3.807013548717423645e-02
3.789211294180597905e-02
3.771823975307286858e-02
3.754838018101113589e-02
3.738240421081188286e-02
3.722018725850732845e-02
3.706160989445807935e-02
3.690655758340502524e-02
3.675492043994597890e-02
3.660659299838603387e-02
3.646147399599105471e-02
3.631946616874810047e-02
3.618047605880371498e-02
3.604441383281337119e-02
3.591119311049219276e-02
3.578073080270868789e-02
3.565294695851190659e-02
3.552776462052555095e-02
3.540510968818394444e-02
3.528491080253887135e-02
3.516709916771600802e-02
3.505160851771012276e-02
3.493837495200045884e-02
3.482733684473477559e-02
3.471843474587169714e-02
3.461161128738039078e-02
3.450681109420081910e-02
3.440398069968680916e-02
3.430306846527294423e-02
3.420402450412295126e-02
3.410680060853278628e-02
3.401135018087660805e-02
3.391762816789691687e-02
3.382559099815278525e-02
3.373519652245217382e-02
3.364640395710431775e-02
3.355917382983944486e-02
3.347346792825122569e-02
3.338924925062723009e-02
3.330648195904011011e-02
3.322513133458017409e-02
3.314516373461707383e-02
3.306654655198490445e-02
3.298924817599127590e-02
3.291323795515684048e-02
3.283848616159674993e-02
3.276496395696135155e-02
3.269264335985713754e-02
3.262149721467466623e-02
3.255149916175296976e-02
3.248262360881525729e-02
3.241484570361302664e-02
3.234814130772045715e-02
3.228248697142295509e-02
3.221785990964769197e-02
3.215423797888627977e-02
