# sigma_8
9.333509849341965481e-01
9.250167755276872406e-01
9.167094524870716965e-01
9.084335511085939174e-01
9.001933384950238093e-01
8.919928909103578274e-01
8.838360165183006822e-01
8.757263036726724570e-01
8.676671260379478223e-01
8.596616453196957996e-01
8.517127893873216449e-01
8.438232807955053927e-01
8.359956417422689245e-01
8.282322092568942251e-01
8.205350972946431343e-01
8.129062693405081363e-01
8.053474894958505548e-01
7.978603401179460430e-01
7.904462657258112257e-01
7.831065184946083280e-01
7.758422322092779488e-01
7.686543659347118140e-01
7.615437575422581151e-01
7.545111260863890390e-01
7.475570288764915583e-01
7.406819271824770512e-01
7.338861710962689688e-01
7.271700179782550899e-01
7.205335850302876377e-01
7.139769470319351496e-01
7.075000509591466979e-01
7.011027893845717118e-01
6.947849562419398106e-01
6.885462922544437481e-01
6.823864699700930014e-01
6.763050919127715499e-01
6.703017097799303103e-01
6.643758348543605807e-01
6.585269050763482568e-01
6.527543392610125617e-01
6.470574961340047615e-01
6.414357300683998231e-01
6.358883198687098615e-01
6.304145503639979609e-01
6.250136668396654160e-01
6.196848811458978146e-01
6.144274024793331401e-01
6.092404257329903094e-01
6.041231024155695462e-01
5.990745932967176390e-01
5.940940405404447899e-01
5.891805808063441674e-01
5.843333424539876031e-01
5.795514416686463610e-01
5.748339961425603661e-01
5.701801229969928331e-01
5.655889316651447896e-01
5.610595356013891033e-01
5.565910533315885367e-01
5.521825920663905318e-01
5.478332817146586153e-01
5.435422354561607605e-01
5.393085842180513900e-01
5.351314646783758011e-01
5.310100135301322188e-01
5.269433726815994090e-01
5.229307019480996521e-01
5.189711627328348342e-01
5.150639244527807081e-01
5.112081619664079479e-01
5.074030746646808199e-01
5.036478521093566973e-01
4.999416920611104431e-01
4.962838317572780267e-01
4.926734807995978294e-01
4.891098903108593299e-01
4.855922982553488310e-01
4.821199629969966094e-01
4.786921590122946157e-01
4.753081711298356993e-01
4.719672781821813157e-01
4.686687814339020597e-01
4.654120082640562095e-01
4.621962655507901307e-01
4.590208970332567695e-01
4.558852410687879164e-01
4.527886574352549820e-01
4.497305083987257479e-01
4.467101747084141206e-01
4.437270452605212578e-01
4.407805004767165746e-01
4.378699646583089078e-01
4.349948532198149032e-01
4.321545957356685008e-01
4.293486144624442113e-01
4.265763735811289870e-01
4.238373280015446110e-01
4.211309378438674034e-01
4.184566866449774825e-01
4.158140517815570592e-01
4.132025348843625934e-01
4.106216416584932971e-01
4.080708752264344263e-01
4.055497661797076714e-01
4.030578398536153184e-01
4.005946422907628035e-01
3.981597103213506683e-01
3.957526030580223453e-01
3.933728913296893892e-01
3.910201355305047977e-01
3.886939212712876568e-01
3.863938316538999551e-01
3.841194660534847927e-01
3.818704244116865598e-01
3.796463166324851035e-01
3.774467518256354737e-01
3.752713651187643551e-01
3.731197777645750557e-01
3.709916351986903837e-01
3.688865665065095834e-01
3.668042403877831981e-01
3.647442953338576044e-01
3.627064037406088071e-01
3.606902356394321996e-01
3.586954628997056638e-01
3.567217656732380449e-01
3.547688329745543601e-01
3.528363528850078645e-01
3.509240291104742671e-01
3.490315603184560578e-01
3.471586566791157735e-01
3.453050293175261021e-01
3.434704023074189871e-01
3.416544977254409310e-01
3.398570413470309859e-01
3.380777723425995029e-01
3.363164237540785528e-01
3.345727423936989964e-01
3.328464719497760127e-01
3.311373685926750632e-01
3.294451893430893064e-01
3.277696927259550197e-01
3.261106435144182636e-01
3.244678130015952733e-01
3.228409788371714439e-01
3.212299073682516881e-01
3.196343843460883738e-01
3.180542001206393410e-01
3.164891346629362112e-01
3.149389840044578004e-01
