# firecrown_theory
2.784100705946893778e-10
1.868748985105255797e-10
1.243662061701712920e-10
8.909616442619729186e-11
5.862791167191398876e-11
3.702214356897284465e-11
4.297218426328194385e-10
2.904321934195993258e-10
1.968022644462056208e-10
1.437258499745190627e-10
9.704650331295588235e-11
6.297236396237907405e-11
5.257187783279737788e-10
3.532885050898204782e-10
2.394460620557515072e-10
1.755975233687349041e-10
1.196117883407623129e-10
7.860321071015728745e-11
5.818930846590036172e-10
3.894597037631812947e-10
2.635249458725012080e-10
1.933810246514728764e-10
1.321031861653148941e-10
8.725365167870481076e-11
8.787209597270995473e-10
5.907986175801299792e-10
4.067796816289277341e-10
3.043655665556661674e-10
2.133814142036319300e-10
1.446529321187815579e-10
1.162267101238234851e-09
7.752399291175001344e-10
5.332834773652736557e-10
4.006878595425369326e-10
2.835654186213661475e-10
1.948021157978935865e-10
1.295572248156162714e-09
8.617899395710575528e-10
5.923994499662355958e-10
4.455248254453643460e-10
3.160971067081124571e-10
2.179748898010477243e-10
1.759692900458149538e-09
1.152748646296747924e-09
7.860556610491275170e-10
5.912563698741947667e-10
4.224447035335405662e-10
2.952758264211477334e-10
2.076201884213905807e-09
1.351001286555409356e-09
9.171910537225797678e-10
6.892593329587821095e-10
4.933541245918790420e-10
3.464381626374141162e-10
2.532067852884225004e-09
1.633322258094116351e-09
1.101402400447976495e-09
8.257512774041495377e-10
5.915841342211060072e-10
4.173563699681976507e-10
