# d_l
0.000000000000000000e+00
5.831899525808157136e+01
1.179570064328027570e+02
1.788928071776238937e+02
2.411052507015465380e+02
3.045732881470498228e+02
3.692759861514651902e+02
4.351925435654719081e+02
5.023023073081790812e+02
5.705847873437039652e+02
6.400196707694685756e+02
7.105868350113838687e+02
7.822663601258003609e+02
8.550385402124888969e+02
9.288838939469211482e+02
1.003783174243877284e+03
1.079717377067705002e+03
1.156667749407643441e+03
1.234615796439222777e+03
1.313543287895153298e+03
1.393432263671114015e+03
1.474265038693517681e+03
1.556024207077803794e+03
1.638692645606841552e+03
1.722253516559972468e+03
1.806690269923725282e+03
1.891986645015692829e+03
1.978126671553162851e+03
2.065094670198094263e+03
2.152875252609788731e+03
2.241453321036271063e+03
2.330814067474891999e+03
2.420942972431986618e+03
2.511825803310763149e+03
2.603448612455735201e+03
2.695797734881108681e+03
2.788859785709600601e+03
2.882621657347143355e+03
2.977070516417905310e+03
3.072193800482952156e+03
3.167979214564809809e+03
3.264414727499121454e+03
3.361488568133425360e+03
3.459189221392044146e+03
3.557505424224995295e+03
3.656426161457754461e+03
3.755940661557658132e+03
3.856038392331753130e+03
3.956709056569886798e+03
4.057942587645910862e+03
4.159729145088893347e+03
4.262059110135440278e+03
4.364923081273313983e+03
4.468311869785739873e+03
4.572216495305041462e+03
4.676628181383507581e+03
4.781538351088665877e+03
4.886938622629544625e+03
4.992820805019784530e+03
5.099176893783006562e+03
5.205999066705169753e+03
5.313279679638183552e+03
5.421011262358595559e+03
5.529186514484668805e+03
5.637798301454727152e+03
5.746839650569333571e+03
5.856303747099430439e+03
5.966183930462269018e+03
6.076473690466606968e+03
6.187166663628408969e+03
6.298256629558004533e+03
6.409737507419411486e+03
6.521603352462258954e+03
6.633848352626661836e+03
6.746466825221108593e+03
6.859453213673237769e+03
6.972802084353356804e+03
7.086508123470292048e+03
7.200566134039027020e+03
7.314971032919652316e+03
7.429717847926764989e+03
7.544801715008643441e+03
7.660217875495274711e+03
7.775961673414273719e+03
7.892028552873740409e+03
8.008414055510973412e+03
8.125113818005919711e+03
8.242123569658268025e+03
8.359439130027005376e+03
8.477056406631192658e+03
8.594971392710836881e+03
8.713180165046564071e+03
8.831678881836845903e+03
8.950463780631618647e+03
9.069531176320921077e+03
9.188877459177416313e+03
9.308499092951480634e+03
9.428392613017635085e+03
9.548554624571099339e+03
9.668981800873261818e+03
9.789670881544776421e+03
9.910618670905201725e+03
1.003182203635792393e+04
1.015327790681919214e+04
1.027498327119021633e+04
1.039693517687105850e+04
1.051913072831531645e+04
1.064156708562448330e+04
1.076424146318088060e+04
1.088715112831815350e+04
1.101029340002831850e+04
1.113366564770429250e+04
1.125726528991698615e+04
1.138108979322599407e+04
1.150513667102289583e+04
1.162940348240630010e+04
1.175388783108775533e+04
1.187858736432754995e+04
1.200349977189970923e+04
1.212862278508521922e+04
1.225395417569274468e+04
1.237949175510604618e+04
1.250523337335731230e+04
1.263117691822567940e+04
1.275732031436020225e+04
1.288366152242656426e+04
1.301019853827687439e+04
1.313692939214185753e+04
1.326385214784474738e+04
1.339096490203638677e+04
1.351826578345075359e+04
1.364575295218041720e+04
1.377342459897137996e+04
1.390127894453661065e+04
1.402931423888787322e+04
1.415752876068522710e+04
1.428592081660370059e+04
1.441448874071669161e+04
1.454323089389553570e+04
1.467214566322482460e+04
1.480123146143299891e+04
1.493048672633778369e+04
1.505990992030605048e+04
1.518949952972762185e+04
1.531925406450272567e+04
1.544917205754259521e+04
1.557925206428294587e+04
1.570949266220984100e+04
1.583989245039768684e+04
1.597045004905899259e+04
1.610116409910548464e+04
1.623203326172037123e+04
1.636305621794132458e+04
1.649423166825397857e+04
1.662555833219554552e+04
1.675703494796833183e+04
1.688866027206287981e+04
1.702043307889038624e+04
1.715235216042422689e+04
1.728441632585028128e+04
1.741662440122583939e+04
1.754897522914679212e+04
1.768146766842295619e+04
1.781410059376124991e+04
1.794687289545651583e+04
1.807978347908979777e+04
1.821283126523382452e+04
1.834601518916555506e+04
1.847933420058553384e+04
1.861278726334392559e+04
1.874637335517301472e+04
1.888009146742596567e+04
1.901394060482176428e+04
1.914791978519604891e+04
1.928202803925782428e+04
1.941626441035170865e+04
1.955062795422574709e+04
1.968511773880455075e+04
1.981973284396759846e+04
1.995447236133265324e+04
2.008933539404402836e+04
2.022432105656575004e+04
2.035942847447927124e+04
2.049465678428583487e+04
2.063000513321316976e+04
2.076547267902657768e+04
2.090105858984416045e+04
2.103676204395616151e+04
2.117258222964826564e+04
2.130851834502880956e+04
2.144456959785974323e+04
2.158073520539126912e+04
2.171701439420011957e+04
2.185340640003124281e+04
2.198991046764296698e+04
2.212652585065547100e+04
2.226325181140243876e+04
2.240008762078595828e+04
2.253703255813439318e+04
2.267408591106335734e+04
2.281124697533950894e+04
2.294851505474727310e+04
2.308588946095831488e+04
2.322336951340371888e+04
2.336095453914879181e+04
2.349864387277049536e+04
2.363643685623740021e+04
2.377433283879198279e+04
2.391233117683544697e+04
2.405043123381483383e+04
2.418863238011240537e+04
2.432693399293721450e+04
2.446533545621895973e+04
2.460383616050385899e+04
2.474243550285257515e+04
2.488113288674029900e+04
2.501992772195864745e+04
2.515881942451957366e+04
2.529780741656115060e+04
2.543689112625518101e+04
2.557606998771656436e+04
2.571534344091449748e+04
2.585471093158532312e+04
2.599417191114704110e+04
2.613372583661551471e+04
2.627337217052222695e+04
2.641311038083357198e+04
2.655293994087176179e+04
2.669286032923711900e+04
2.683287102973187211e+04
2.697297153128536957e+04
2.711316132788074538e+04
2.725343991848277801e+04
2.739380680696724085e+04
2.753426150205153317e+04
2.767480351722645719e+04
2.781543237068936287e+04
2.795614758527850063e+04
2.809694868840847994e+04
2.823783521200694668e+04
2.837880669245242098e+04
2.851986267051319373e+04
2.866100269128731816e+04
2.880222630414371815e+04
2.894353306266429718e+04
2.908492252458701478e+04
2.922639425175010547e+04
2.936794781003713433e+04
2.950958276932303852e+04
2.965129870342119102e+04
2.979309519003126843e+04
2.993497181068805367e+04
3.007692815071117002e+04
3.021896379915559373e+04
3.036107834876303968e+04
3.050327139591419109e+04
3.064554254058175138e+04
3.078789138628418368e+04
3.093031754004032337e+04
3.107282061232479828e+04
3.121540021702399099e+04
3.135805597139292513e+04
3.150078749601281015e+04
3.164359441474923733e+04
3.178647635471107424e+04
3.192943294621009773e+04
3.207246382272121264e+04
3.221556862084331078e+04
3.235874698026084297e+04
3.250199854370592220e+04
3.264532295692105254e+04
3.278871986862252379e+04
3.293218893046429730e+04
3.307572979700247379e+04
3.321934212566042697e+04
3.336302557669435191e+04
3.350677981315943180e+04
3.365060450087652134e+04
3.379449930839929584e+04
3.393846390698205505e+04
3.408249797054783267e+04
3.422660117565710971e+04
3.437077320147705905e+04
3.451501372975110280e+04
3.465932244476905180e+04
3.480369903333771799e+04
3.494814318475186883e+04
3.509265459076567640e+04
3.523723294556463952e+04
3.538187794573783322e+04
3.552658929025065299e+04
3.567136668041793746e+04
3.581620981987742562e+04
3.596111841456376715e+04
3.610609217268272914e+04
3.625113080468589760e+04
3.639623402324572089e+04
3.654140154323091701e+04
3.668663308168220829e+04
3.683192835778847802e+04
3.697728709286320372e+04
3.712270901032123948e+04
3.726819383565595490e+04
3.741374129641670879e+04
3.755935112218661379e+04
3.770502304456061393e+04
3.785075679712388228e+04
3.799655211543056794e+04
3.814240873698276846e+04
3.828832640120981523e+04
3.843430484944787895e+04
3.858034382491986617e+04
3.872644307271549769e+04
3.887260233977181633e+04
3.901882137485383282e+04
3.916509992853547737e+04
3.931143775318086409e+04
3.945783460292570089e+04
3.960429023365907051e+04
3.975080440300541522e+04
3.989737687030666712e+04
4.004400739660481486e+04
4.019069574462452874e+04
4.033744167875609128e+04
4.048424496503857517e+04
4.063110537114320323e+04
4.077802266635692649e+04
4.092499662156628619e+04
4.107202700924135570e+04
4.121911360342008265e+04
4.136625617969264567e+04
4.151345451518611662e+04
4.166070838854932663e+04
4.180801757993791398e+04
4.195538187099948118e+04
4.210280104485913034e+04
4.225027488610499131e+04
4.239780318077403354e+04
4.254538571633805259e+04
4.269302228168984584e+04
4.284071266712947545e+04
4.298845666435085150e+04
4.313625406642832240e+04
4.328410466780359275e+04
4.343200826427268476e+04
4.357996465297310351e+04
4.372797363237116951e+04
4.387603500224953314e+04
4.402414856369474001e+04
4.417231411908510199e+04
4.432053147207861912e+04
4.446880042760100332e+04
4.461712079183400056e+04
4.476549237220374198e+04
4.491391497736921883e+04
4.506238841721102654e+04
4.521091250282006513e+04
4.535948704648652347e+04
4.550811186168897984e+04
4.565678676308349532e+04
4.580551156649303448e+04
4.595428608889685711e+04
4.610311014842012810e+04
4.625198356432357832e+04
4.640090615699339105e+04
4.654987774793107383e+04
4.669889815974355588e+04
4.684796721613334375e+04
4.699708474188883702e+04
4.714625056287471671e+04
4.729546450602245022e+04
4.744472639932091988e+04
4.759403607180720428e+04
4.774339335355730145e+04
4.789279807567720127e+04
4.804225007029387052e+04
4.819174917054638354e+04
4.834129521057723468e+04
4.849088802552363632e+04
4.864052745150896226e+04
4.879021332563436590e+04
4.893994548597031826e+04
4.908972377154842252e+04
4.923954802235319949e+04
4.938941807931399671e+04
4.953933378429703589e+04
4.968929498009748932e+04
4.983930151043163642e+04
4.998935321992917306e+04
5.013944995412556455e+04
5.028959155945442762e+04
5.043977788324015273e+04
5.059000877369038062e+04
5.074028407988882100e+04
5.089060365178793290e+04
5.104096734020174335e+04
5.119137499679885514e+04
5.134182647409538913e+04
5.149232162544802850e+04
5.164286030504723021e+04
5.179344236791040021e+04
