# f_ap
0.000000000000000000e+00
1.505130894461800123e-02
3.020788861964374822e-02
4.547366914140305028e-02
6.085251211107284286e-02
7.634820714685947030e-02
9.196446873425020985e-02
1.077049333902341255e-01
1.235731571360439984e-01
1.395726132717158008e-01
1.557066904446533506e-01
1.719786910033829497e-01
1.883918296268134451e-01
2.049492322185744730e-01
2.216539350553652921e-01
2.385088841777465718e-01
2.555169350113950522e-01
2.726808522065564677e-01
2.900033096832242419e-01
3.074868908694807779e-01
3.251340891204145267e-01
3.429473083050885718e-01
3.609288635491743058e-01
3.790809821210532893e-01
3.974058044494592767e-01
4.159053852610179458e-01
4.345816948264041857e-01
4.534366203042119459e-01
4.724719671720499781e-01
4.916894607348052393e-01
5.110907477004797972e-01
5.306773978144778692e-01
5.504509055436807019e-01
5.704126918021538151e-01
5.905641057107924308e-01
6.109064263837064024e-01
6.314408647346086978e-01
6.521685652969478886e-01
6.730906080519749590e-01
6.942080102593795043e-01
7.155217282855544925e-01
7.370326594249784202e-01
7.587416437105791722e-01
7.806494657093362433e-01
8.027568562997419166e-01
8.250644944280841608e-01
8.475730088408276464e-01
8.702829797907016829e-01
8.931949407143632280e-01
9.163093798798104261e-01
9.396267420019280836e-01
9.631474298248353660e-01
9.868718056698877472e-01
1.010800192948404064e+00
1.034932877638369719e+00
1.059270109724563591e+00
1.083812104601673321e+00
1.108559044440154961e+00
1.133511079514686770e+00
1.158668329495217808e+00
1.184030884700704389e+00
1.209598807315720226e+00
1.235372132570235815e+00
1.261350869882923886e+00
1.287535003968417913e+00
1.313924495909019718e+00
1.340519284191407312e+00
1.367319285708933352e+00
1.394324396730138638e+00
1.421534493834164747e+00
1.448949434813757708e+00
1.476569059546571694e+00
1.504393190835529248e+00
1.532421635218977007e+00
1.560654183751422508e+00
1.589090612755593268e+00
1.617730684546621722e+00
1.646574148129135162e+00
1.675620739867990983e+00
1.704870184133489452e+00
1.734322193921769895e+00
1.763976471451200956e+00
1.793832708735489945e+00
1.823890588134245982e+00
1.854149782881764574e+00
1.884609957594704399e+00
1.915270768759393061e+00
1.946131865199435262e+00
1.977192888524310854e+00
2.008453473559602909e+00
2.039913248759530617e+00
2.071571836602379868e+00
2.103428853969464551e+00
2.135483912508232329e+00
2.167736618980030006e+00
2.200186575593173099e+00
2.232833380321808558e+00
2.265676627211116845e+00
2.298715906669371201e+00
2.331950805747362132e+00
2.365380908405639193e+00
2.399005795770060789e+00
2.432825046376108524e+00
2.466838236402367546e+00
2.501044939893646735e+00
2.535444728974097117e+00
2.570037174050745055e+00
2.604821844007828791e+00
2.639798306392272309e+00
2.674966127590688192e+00
2.710324872998225665e+00
2.745874107179591128e+00
2.781613394022556029e+00
2.817542296884300246e+00
2.853660378730800140e+00
2.889967202269615232e+00
2.926462330076324836e+00
2.963145324714844708e+00
3.000015748851942554e+00
3.037073165366111382e+00
3.074317137451086701e+00
3.111747228714242031e+00
3.149363003270011951e+00
3.187164025828626013e+00
3.225149861780298721e+00
3.263320077275086550e+00
3.301674239298582503e+00
3.340211915743655169e+00
3.378932675478360181e+00
3.417836088410203477e+00
3.456921725546927782e+00
3.496189159053933793e+00
3.535637962308538551e+00
3.575267709951114536e+00
3.615077977933363051e+00
3.655068343563736555e+00
3.695238385550202675e+00
3.735587684040425849e+00
3.776115820659518452e+00
3.816822378545418726e+00
3.857706942382046034e+00
3.898769098430288960e+00
3.940008434556975025e+00
3.981424540261842449e+00
4.023017006702666265e+00
4.064785426718576566e+00
4.106729394851686088e+00
4.148848507367069338e+00
4.191142362271174093e+00
4.233610559328778500e+00
4.276252698019323617e+00
4.319068385665826959e+00
4.362057225452194764e+00
4.405218824318038351e+00
4.448552791025866426e+00
4.492058736170399413e+00
4.535736272186825069e+00
4.579585013358007828e+00
4.623604575820737139e+00
4.667794577571067194e+00
4.712154638468732060e+00
4.756684380240755239e+00
4.801383426484221673e+00
4.846251402668339203e+00
4.891287936135705117e+00
4.936492656102947407e+00
4.981865193660668822e+00
5.027405181772784282e+00
5.073112255275254334e+00
5.118986050874260840e+00
5.165026207143863068e+00
5.211232364523123550e+00
5.257604165312754319e+00
5.304141253671345702e+00
5.350843275611104843e+00
5.397709878993218524e+00
5.444740713522845610e+00
5.491935430743711599e+00
5.539293684032364773e+00
5.586815128592117041e+00
5.634499421446682810e+00
5.682346221433499878e+00
5.730355189196812304e+00
5.778525987180453960e+00
5.826858279620442893e+00
5.875351732537297700e+00
5.924006013728192244e+00
5.972820792758852804e+00
6.021795740955311338e+00
6.070930531395489993e+00
6.120224838900585773e+00
6.169678340026321095e+00
6.219290713054100195e+00
6.269061637981939050e+00
6.318990796515367769e+00
6.369077872058173995e+00
6.419322549703056602e+00
6.469724516222189692e+00
6.520283460057686220e+00
6.570999071312013662e+00
6.621871041738313757e+00
6.672899064730664520e+00
6.724082835314296069e+00
6.775422050135766483e+00
6.826916407453056834e+00
6.878565607125637804e+00
6.930369350604586920e+00
6.982327340922538816e+00
7.034439282683714545e+00
7.086704882053924237e+00
7.139123846750513813e+00
7.191695886032339224e+00
7.244420710689733589e+00
7.297298033034486764e+00
7.350327566889765407e+00
7.403509027580135182e+00
7.456842131921542993e+00
7.510326598211282345e+00
7.563962146218051075e+00
7.617748497171984212e+00
7.671685373754695725e+00
7.725772500089388650e+00
7.780009601730982105e+00
7.834396405656217865e+00
7.888932640253880635e+00
7.943618035315007653e+00
7.998452322023108962e+00
8.053435232944506694e+00
8.108566502018630828e+00
8.163845864548413545e+00
8.219273057190681797e+00
8.274847817946662687e+00
8.330569886152442649e+00
8.386439002469550985e+00
8.442454908875570041e+00
8.498617348654773807e+00
8.554926066388842898e+00
8.611380807947615068e+00
8.667981320479917429e+00
8.724727352404404002e+00
8.781618653400489194e+00
8.838654974399336339e+00
8.895836067574842687e+00
8.953161686334766500e+00
9.010631585311880798e+00
9.068245520355118217e+00
9.126003248520888178e+00
9.183904528064347872e+00
9.241949118430826005e+00
9.300136780247207469e+00
9.358467275313463674e+00
9.416940366594177547e+00
9.475555818210192882e+00
9.534313395430249471e+00
9.593212864662721273e+00
9.652253993447443392e+00
9.711436550447524851e+00
9.770760305441276827e+00
9.830225029314185292e+00
9.889830494050954712e+00
9.949576472727580168e+00
1.000946273950350651e+01
1.006948906961386569e+01
1.012965523936170520e+01
1.018996102611036392e+01
1.025040620827585336e+01
1.031099056531929747e+01
1.037171387773943110e+01
1.043257592706523162e+01
1.049357649584847785e+01
1.055471536765647045e+01
1.061599232706479157e+01
1.067740715965009635e+01
1.073895965198295954e+01
1.080064959162081806e+01
1.086247676710096677e+01
1.092444096793353481e+01
1.098654198459465370e+01
1.104877960851954555e+01
1.111115363209575158e+01
1.117366384865641749e+01
1.123631005247356640e+01
1.129909203875149792e+01
1.136200960362022094e+01
1.142506254412891131e+01
1.148825065823949210e+01
1.155157374482016408e+01
1.161503160363910681e+01
1.167862403535814231e+01
1.174235084152649655e+01
1.180621182457461238e+01
1.187020678780798200e+01
1.193433553540106651e+01
1.199859787239127229e+01
1.206299360467293624e+01
1.212752253899137855e+01
1.219218448293704427e+01
1.225697924493965552e+01
1.232190663426238508e+01
1.238696646099617915e+01
1.245215853605401435e+01
1.251748267116525959e+01
1.258293867887010542e+01
1.264852637251401823e+01
1.271424556624217672e+01
1.278009607499411615e+01
1.284607771449822877e+01
1.291219030126647560e+01
1.297843365258900405e+01
1.304480758652893257e+01
1.311131192191710504e+01
1.317794647834690558e+01
1.324471107616910004e+01
1.331160553648679645e+01
1.337862968115035756e+01
1.344578333275238613e+01
1.351306631462279384e+01
1.358047845082385585e+01
1.364801956614533829e+01
1.371568948609964700e+01
1.378348803691704205e+01
1.385141504554090019e+01
1.391947033962295421e+01
1.398765374751864599e+01
1.405596509828249374e+01
1.412440422166347709e+01
1.419297094810047533e+01
1.426166510871779991e+01
1.433048653532060968e+01
1.439943506039059251e+01
1.446851051708145341e+01
1.453771273921461926e+01
1.460704156127485653e+01
1.467649681840599030e+01
1.474607834640668180e+01
1.481578597284539711e+01
1.488561955234523282e+01
1.495557891399201367e+01
1.502566389616165310e+01
1.509587433786408539e+01
1.516621007873919602e+01
1.523667095905291013e+01
1.530725681969309271e+01
1.537796750216569563e+01
1.544880284859077868e+01
1.551976270169865302e+01
1.559084690482604607e+01
1.566205530191222550e+01
1.573338773749529906e+01
1.580484405670837234e+01
1.587642410527590719e+01
1.594812772950994173e+01
1.601995477630650555e+01
1.609190509314194628e+01
1.616397852806932178e+01
1.623617492971487408e+01
1.630849414727442337e+01
1.638093603050987568e+01
1.645350042974578031e+01
1.652618719586583040e+01
1.659899618030941681e+01
1.667192723506828145e+01
1.674498021268310310e+01
1.681815496624015793e+01
1.689145134936804027e+01
1.696486921623431954e+01
1.703840842154229307e+01
1.711206882052776379e+01
1.718585026895580370e+01
1.725975262311762393e+01
1.733377573982730624e+01
1.740791947641880100e+01
1.748218369074271550e+01
1.755656824116327286e+01
1.763107298655525668e+01
1.770569778630096991e+01
1.778044250028717599e+01
1.785530698890223533e+01
1.793029111303300382e+01
1.800539473406198709e+01
1.808061771386436689e+01
1.815595991480516602e+01
1.823142119973629960e+01
1.830700143199382168e+01
1.838270047539503338e+01
1.845851819423571172e+01
1.853445445328731012e+01
1.861050911779418726e+01
1.868668205347096034e+01
1.876297312649968418e+01
1.883938220352715831e+01
1.891590915166235121e+01
1.899255383847366474e+01
1.906931613198632292e+01
1.914619590067980326e+01
1.922319301348515097e+01
1.930030733978249913e+01
1.937753874939852139e+01
1.945488711260378167e+01
1.953235230011037515e+01
1.960993418306936320e+01
