# h
2.601799942545585977e-04
2.619571635481879042e-04
2.637751348493065271e-04
2.656338452198542667e-04
2.675332148513987450e-04
2.694731477674691049e-04
2.714535325327572081e-04
2.734742429664441688e-04
2.755351388570371801e-04
2.776360666762270357e-04
2.797768602894217579e-04
2.819573416607575175e-04
2.841773215505395992e-04
2.864366002032281487e-04
2.887349680242358202e-04
2.910722062439688104e-04
2.934480875676986704e-04
2.958623768100081437e-04
2.983148315127081792e-04
3.008052025452708834e-04
3.033332346869649344e-04
3.058986671900207647e-04
3.085012343232776660e-04
3.111406658958938243e-04
3.138166877608139223e-04
3.165290222977970905e-04
3.192773888759090940e-04
3.220615042954776152e-04
3.248810832095915153e-04
3.277358385253043732e-04
3.306254817847725856e-04
3.335497235266212529e-04
3.365082736278846845e-04
3.395008416269204576e-04
3.425271370277364023e-04
3.455868695862073978e-04
3.486797495786876535e-04
3.518054880535523353e-04
3.549637970662216963e-04
3.581543898982349140e-04
3.613769812609541688e-04
3.646312874844882812e-04
3.679170266924258791e-04
3.712339189629715298e-04
3.745816864770763256e-04
3.779600536541488252e-04
3.813687472759250976e-04
3.848074965990708153e-04
3.882760334570720812e-04
3.917740923519684730e-04
3.953014105364576142e-04
3.988577280868965116e-04
4.024427879677031647e-04
4.060563360876486136e-04
4.096981213485128420e-04
4.133678956865613659e-04
4.170654141072815523e-04
4.207904347138027032e-04
4.245427187294028453e-04
4.283220305144919983e-04
4.321281375784435312e-04
4.359608105866258636e-04
4.398198233629751152e-04
4.437049528884279455e-04
4.476159792955223355e-04
4.515526858594544378e-04
4.555148589858695925e-04
4.595022881956472845e-04
4.635147661069245295e-04
4.675520884145940989e-04
4.716140538674964294e-04
4.757004642435112168e-04
4.798111243227462888e-04
4.839458418590046021e-04
4.881044275497058724e-04
4.922866950044198827e-04
4.964924607121668377e-04
5.007215440076265766e-04
5.049737670363858280e-04
5.092489547193544772e-04
5.135469347164581299e-04
5.178675373897233042e-04
5.222105957658491459e-04
5.265759454983618337e-04
5.309634248294397120e-04
5.353728745514859137e-04
5.398041379685256666e-04
5.442570608574957228e-04
5.487314914294903105e-04
5.532272802910196633e-04
5.577442804053384801e-04
5.622823470538906116e-04
5.668413377979147514e-04
5.714211124402574253e-04
5.760215329874226629e-04
5.806424636118993335e-04
5.852837706147955271e-04
5.899453223888048107e-04
5.946269893815327645e-04
5.993286440592072170e-04
6.040501608707874674e-04
6.087914162124958032e-04
6.135522883927836766e-04
6.183326575977465215e-04
6.231324058570026107e-04
6.279514170100400708e-04
6.327895766730470177e-04
6.376467722062280656e-04
6.425228926816136049e-04
6.474178288513686820e-04
6.523314731166033210e-04
6.572637194966852656e-04
6.622144635990591518e-04
6.671836025895733040e-04
6.721710351633103592e-04
6.771766615159226970e-04
6.822003833154727812e-04
6.872421036747726692e-04
6.923017271242223620e-04
6.973791595851429846e-04
7.024743083436002424e-04
7.075870820247136001e-04
7.127173905674487981e-04
7.178651451998869842e-04
7.230302584149638466e-04
7.282126439466770143e-04
7.334122167467504484e-04
7.386288929617570173e-04
7.438625899106853781e-04
7.491132260629506214e-04
7.543807210168396822e-04
7.596649954783837085e-04
7.649659712406558718e-04
7.702835711634795470e-04
7.756177191535487073e-04
7.809683401449486057e-04
7.863353600800703468e-04
7.917187058909139295e-04
7.971183054807720603e-04
8.025340877062876917e-04
8.079659823598793218e-04
8.134139201525262489e-04
8.188778326969074935e-04
8.243576524908870131e-04
8.298533129013410930e-04
8.353647481483158750e-04
8.408918932895158944e-04
8.464346842051105038e-04
8.519930575828538492e-04
8.575669509035170959e-04
8.631563024266156658e-04
8.687610511764376660e-04
8.743811369283587638e-04
8.800165001954407974e-04
8.856670822153071831e-04
8.913328249372938191e-04
8.970136710098584615e-04
9.027095637682597436e-04
9.084204472224814393e-04
9.141462660454144438e-04
9.198869655612774933e-04
9.256424917342792298e-04
9.314127911575114174e-04
9.371978110420747191e-04
9.429974992064233752e-04
9.488118040659342025e-04
9.546406746226834350e-04
9.604840604554391046e-04
9.663419117098533476e-04
9.722141790888582172e-04
9.781008138432549168e-04
9.840017677624989488e-04
9.899169931656657834e-04
9.958464428926085393e-04
1.001790070295287185e-03
1.007747829229277501e-03
1.013719674045449612e-03
1.019705559581816955e-03
1.025705441155545490e-03
1.031719274555125332e-03
1.037747016032699579e-03
1.043788622296546462e-03
1.049844050503710019e-03
1.055913258252779525e-03
1.061996203576809870e-03
1.068092844936385484e-03
1.074203141212820003e-03
1.080327051701487776e-03
1.086464536105289595e-03
1.092615554528247011e-03
1.098780067469220037e-03
1.104958035815747789e-03
1.111149420838012519e-03
1.117354184182916838e-03
1.123572287868276074e-03
1.129803694277127729e-03
1.136048366152144808e-03
1.142306266590161455e-03
1.148577359036798140e-03
1.154861607281198717e-03
1.161158975450856615e-03
1.167469428006549011e-03
1.173792929737361860e-03
1.180129445755812934e-03
1.186478941493061823e-03
1.192841382694215116e-03
1.199216735413718765e-03
1.205604966010833919e-03
1.212006041145198641e-03
1.218419927772476132e-03
1.224846593140077339e-03
1.231286004782965963e-03
1.237738130519542602e-03
1.244202938447602639e-03
1.250680396940364583e-03
1.257170474642581260e-03
1.263673140466711059e-03
1.270188363589163554e-03
1.276716113446616256e-03
1.283256359732391425e-03
1.289809072392903572e-03
1.296374221624167029e-03
1.302951777868370303e-03
1.309541711810505941e-03
1.316143994375066099e-03
1.322758596722794057e-03
1.329385490247489724e-03
1.336024646572881933e-03
1.342676037549542581e-03
1.349339635251864530e-03
1.356015411975086769e-03
1.362703340232379210e-03
1.369403392751964137e-03
1.376115542474301394e-03
1.382839762549317600e-03
1.389576026333676998e-03
1.396324307388109327e-03
1.403084579474774777e-03
1.409856816554679471e-03
1.416640992785130840e-03
1.423437082517238971e-03
1.430245060293459589e-03
1.437064900845175849e-03
1.443896579090323722e-03
1.450740070131057271e-03
1.457595349251449273e-03
1.464462391915232397e-03
1.471341173763580056e-03
1.478231670612917617e-03
1.485133858452777856e-03
1.492047713443683506e-03
1.498973211915068191e-03
1.505910330363233142e-03
1.512859045449334696e-03
1.519819333997401295e-03
1.526791172992389293e-03
1.533774539578266517e-03
1.540769411056122510e-03
1.547775764882316921e-03
1.554793578666652416e-03
1.561822830170577284e-03
1.568863497305412981e-03
1.575915558130620278e-03
1.582978990852080582e-03
1.590053773820409785e-03
1.597139885529299435e-03
1.604237304613880671e-03
1.611346009849114191e-03
1.618465980148208827e-03
1.625597194561058997e-03
1.632739632272707520e-03
1.639893272601835976e-03
1.647058094999274145e-03
1.654234079046530042e-03
1.661421204454349666e-03
1.668619451061292142e-03
1.675828798832325892e-03
1.683049227857452571e-03
1.690280718350342702e-03
1.697523250646998643e-03
1.704776805204434673e-03
1.712041362599375305e-03
1.719316903526975273e-03
1.726603408799557522e-03
1.733900859345367893e-03
1.741209236207351711e-03
1.748528520541942511e-03
1.755858693617875707e-03
1.763199736815014183e-03
1.770551631623189064e-03
1.777914359641065206e-03
1.785287902575014279e-03
1.792672242238007359e-03
1.800067360548527262e-03
1.807473239529487153e-03
1.814889861307173672e-03
1.822317208110199160e-03
1.829755262268471230e-03
1.837204006212173621e-03
1.844663422470767646e-03
1.852133493672000796e-03
1.859614202540930527e-03
1.867105531898964523e-03
1.874607464662913538e-03
1.882119983844051823e-03
1.889643072547199029e-03
1.897176713969805787e-03
1.904720891401060975e-03
1.912275588221001160e-03
1.919840787899641278e-03
1.927416473996109228e-03
1.935002630157796940e-03
1.942599240119522721e-03
1.950206287702700974e-03
1.957823756814527309e-03
1.965451631447170597e-03
1.973089895676981287e-03
1.980738533663699719e-03
1.988397529649688512e-03
1.996066867959164510e-03
2.003746532997443316e-03
2.011436509250197260e-03
2.019136781282718576e-03
2.026847333739190387e-03
2.034568151341976765e-03
2.042299218890911931e-03
2.050040521262599426e-03
2.057792043409729498e-03
2.065553770360389983e-03
2.073325687217401903e-03
2.081107779157650734e-03
2.088900031431433716e-03
2.096702429361812364e-03
2.104514958343971925e-03
2.112337603844591238e-03
2.120170351401222571e-03
2.128013186621670154e-03
2.135866095183386066e-03
2.143729062832869150e-03
2.151602075385071738e-03
2.159485118722812447e-03
2.167378178796200688e-03
2.175281241622060296e-03
2.183194293283367057e-03
2.191117319928692717e-03
2.199050307771648581e-03
2.206993243090345572e-03
2.214946112226851699e-03
2.222908901586664269e-03
2.230881597638179926e-03
2.238864186912180310e-03
2.246856656001314234e-03
2.254858991559589854e-03
2.262871180301881131e-03
2.270893209003420430e-03
2.278925064499321470e-03
2.286966733684083625e-03
2.295018203511120514e-03
2.303079460992287289e-03
2.311150493197408357e-03
2.319231287253818545e-03
2.327321830345906433e-03
2.335422109714661160e-03
2.343532112657225296e-03
2.351651826526457694e-03
2.359781238730491136e-03
2.367920336732302986e-03
2.376069108049289752e-03
2.384227540252842076e-03
2.392395620967933175e-03
2.400573337872696864e-03
2.408760678698028575e-03
2.416957631227176391e-03
2.425164183295341197e-03
2.433380322789287231e-03
2.441606037646944834e-03
2.449841315857028811e-03
2.458086145458656356e-03
2.466340514540964982e-03
2.474604411242743458e-03
2.482877823752056672e-03
2.491160740305887415e-03
2.499453149189765147e-03
2.507755038737415586e-03
2.516066397330403350e-03
2.524387213397779380e-03
2.532717475415738329e-03
2.541057171907270748e-03
2.549406291441829592e-03
2.557764822634987605e-03
2.566132754148106859e-03
2.574510074688013926e-03
2.582896773006668114e-03
2.591292837900843141e-03
2.599698258211807951e-03
2.608113022825006653e-03
2.616537120669751911e-03
2.624970540718914863e-03
2.633413271988612869e-03
2.641865303537914173e-03
2.650326624468537368e-03
