# rs_dv
inf
2.300107759629806292e+00
1.155343232925647001e+00
7.738148793731136621e-01
5.830951837276282523e-01
4.686986283569939959e-01
3.924633626878813453e-01
3.380342988376421887e-01
2.972338855171928751e-01
2.655190326590922689e-01
2.401638812617392649e-01
2.194337896746052508e-01
2.021723267329013640e-01
1.875788834373135205e-01
1.750815939055923032e-01
1.642610879352416342e-01
1.548028363470035917e-01
1.464663156108055586e-01
1.390644509218275926e-01
1.324495509290677109e-01
1.265034620378823471e-01
1.211305357617483147e-01
1.162525140620739167e-01
1.118047489405524092e-01
1.077333671270782334e-01
1.039931152365122513e-01
1.005457021912058435e-01
9.735850998861403371e-02
9.440358072782030485e-02
9.165681321189597663e-02
8.909732022518203343e-02
8.670691020418219708e-02
8.446966609109329838e-02
8.237160075560398531e-02
8.040037322103944784e-02
7.854505353411481150e-02
7.679592681994942827e-02
7.514432910904397800e-02
7.358250908361772813e-02
7.210351109123692981e-02
7.070107570407919984e-02
6.936955482835358011e-02
6.810383893896267138e-02
6.689929446563816495e-02
6.575170971564518740e-02
6.465724800524329241e-02
6.361240690301293854e-02
6.261398267485826508e-02
6.165903917219263397e-02
6.074488052864548265e-02
5.986902713217309713e-02
5.902919442307794085e-02
5.822327413759213754e-02
5.744931767408825024e-02
5.670552130682008501e-02
5.599021301210724277e-02
5.530184070545908492e-02
5.463896171641188099e-02
5.400023335174362199e-02
5.338440441797809993e-02
5.279030759129862277e-02
5.221685253766297774e-02
5.166301969845169678e-02
5.112785466773138443e-02
5.061046309645290953e-02
5.011000606686294434e-02
4.962569588728113490e-02
4.915679226334546820e-02
4.870259880699169541e-02
4.826245984892148233e-02
4.783575752422722371e-02
4.742190910425757994e-02
4.702036455079711824e-02
4.663060427125482327e-02
4.625213705585842078e-02
4.588449817987756696e-02
4.552724765568495063e-02
4.517996862104198957e-02
4.484226585139163695e-02
4.451376438517652689e-02
4.419410825229916351e-02
4.388295929681575863e-02
4.357999608582410755e-02
4.328491289728052249e-02
4.299741878017172836e-02
4.271723668108660249e-02
4.244410263178580167e-02
4.217776499286376296e-02
4.191798374904321528e-02
4.166452985204317089e-02
4.141718460732134177e-02
4.117573910131754056e-02
4.093999366611712071e-02
4.070975737871881245e-02
4.048484759233055702e-02
4.026508949733351855e-02
4.005031570975152444e-02
3.984036588524066808e-02
3.963508635677651798e-02
3.943432979436278796e-02
3.923795488521999303e-02
3.904582603303421301e-02
3.885781307495729531e-02
3.867379101515191347e-02
3.849363977376698415e-02
3.831724395031431418e-02
3.814449260049478097e-02
3.797527902559330593e-02
3.780950057362748168e-02
3.764705845149398517e-02
3.748785754741244119e-02
3.733180626301623589e-02
3.717881635448684607e-02
3.702880278217027948e-02
3.688168356815437615e-02
3.673737966132122057e-02
3.659581480942292880e-02
3.645691543775980009e-02
3.632061053406811235e-02
3.618683153925185414e-02
3.605551224361638885e-02
3.592658868828487589e-02
3.579999907149976346e-02
3.567568365952999282e-02
3.555358470192347686e-02
3.543364635086073550e-02
3.531581458438102367e-02
3.520003713326676220e-02
3.508626341138557092e-02
3.497444444930165180e-02
3.486453283097955963e-02
3.475648263341470090e-02
3.465024936903449149e-02
3.454578993072400517e-02
3.444306253933793194e-02
3.434202669356987980e-02
3.424264312205663185e-02
3.414487373760285299e-02
3.404868159341793016e-02
3.395403084126337456e-02
3.386088669141434915e-02
3.376921537434517812e-02
3.367898410405271992e-02
3.359016104293779253e-02
3.350271526816766404e-02
3.341661673944809618e-02
3.333183626813675943e-02
3.324834548763374448e-02
3.316611682498836478e-02
3.308512347366466405e-02
3.300533937800661372e-02
3.292673916626826652e-02
3.284929818866317436e-02
3.277299245329782368e-02
3.269779861409333882e-02
3.262369394945521806e-02
3.255065634177533446e-02
3.247866425772960586e-02
3.240769672933490470e-02
3.233773333573204678e-02
3.226875418566266945e-02
3.220073990060944025e-02
3.213367159857082045e-02
3.206753087844269046e-02
3.200229980498094789e-02
3.193796089431990420e-02
3.187449710002294989e-02
3.181189179964299951e-02
3.175012878177110864e-02
3.168919223355298742e-02
3.162906672865369723e-02
3.156973721565235758e-02
3.151118900684880125e-02
3.145340776746547579e-02
3.139637950522859711e-02
3.134009056031306778e-02
3.128452759563648405e-02
3.122967758748850658e-02
3.117552781648198421e-02
3.112206585881324705e-02
3.106927957781926292e-02
3.101715711582027010e-02
3.096568688623638557e-02
3.091485756596813045e-02
3.086465808802999616e-02
3.081507763442800293e-02
3.076610562927153958e-02
3.071773173211078331e-02
3.066994583149107098e-02
3.062273803871618308e-02
3.057609868181266136e-02
3.053001829968772160e-02
3.048448763647352427e-02
3.043949763605119721e-02
3.039503943674758124e-02
3.035110436619891522e-02
3.030768393637501071e-02
3.026476983875841728e-02
3.022235393967268383e-02
3.018042827575487946e-02
3.013898504956663213e-02
3.009801662533940006e-02
3.005751552484876854e-02
3.001747442341352531e-02
2.997788614601508070e-02
2.993874366353314886e-02
2.990004008909332225e-02
2.986176867452330214e-02
2.982392280691349012e-02
2.978649600527869673e-02
2.974948191731749750e-02
2.971287431626585401e-02
2.967666709784196749e-02
2.964085427727910713e-02
2.960542998644378684e-02
2.957038847103621651e-02
2.953572408787028328e-02
2.950143130223080792e-02
2.946750468530509245e-02
2.943393891168661486e-02
2.940072875694854648e-02
2.936786909528469117e-02
2.933535489721571590e-02
2.930318122735880645e-02
2.927134324225834708e-02
2.923983618827600758e-02
2.920865539953826362e-02
2.917779629593944546e-02
2.914725438119877485e-02
2.911702524096947478e-02
2.908710454099859566e-02
2.905748802533578493e-02
2.902817151458954650e-02
2.899915090422958835e-02
2.897042216293388775e-02
2.894198133097887135e-02
2.891382451867181846e-02
2.888594790482377703e-02
2.885834773526207986e-02
2.883102032138120524e-02
2.880396203873071895e-02
2.877716932563939220e-02
2.875063868187432981e-02
2.872436666733396357e-02
2.869834990077415812e-02
2.867258505856635012e-02
2.864706887348665576e-02
2.862179813353537064e-02
2.859676968078554010e-02
2.857198041026033294e-02
2.854742726883779946e-02
2.852310725418269466e-02
2.849901741370429800e-02
2.847515484353978221e-02
2.845151668756206245e-02
2.842810013641172695e-02
2.840490242655232048e-02
2.838192083934813759e-02
2.835915270016420298e-02
2.833659537748758894e-02
2.831424628206959462e-02
2.829210286608814517e-02
2.827016262232996680e-02
2.824842308339195474e-02
2.822688182090104733e-02
2.820553644475238750e-02
2.818438460236515411e-02
2.816342397795548735e-02
2.814265229182619579e-02
2.812206729967279065e-02
2.810166679190528524e-02
2.808144859298548207e-02
2.806141056077929644e-02
2.804155058592369340e-02
2.802186659120789458e-02
2.800235653096840721e-02
2.798301839049769854e-02
2.796385018546589454e-02
2.794484996135542312e-02
2.792601579290813346e-02
2.790734578358450291e-02
2.788883806503492449e-02
2.787049079658234299e-02
2.785230216471629855e-02
2.783427038259796149e-02
2.781639368957579753e-02
2.779867035071180437e-02
2.778109865631783748e-02
2.776367692150193828e-02
2.774640348572428999e-02
2.772927671236267988e-02
2.771229498828714846e-02
2.769545672344363510e-02
2.767876035044639776e-02
2.766220432417896766e-02
2.764578712140353112e-02
2.762950724037833983e-02
2.761336320048313198e-02
2.759735354185239090e-02
2.758147682501600403e-02
2.756573163054748879e-02
2.755011655871932030e-02
2.753463022916533345e-02
2.751927128055002211e-02
2.750403837024459341e-02
2.748893017400944050e-02
2.747394538568317598e-02
2.745908271687783758e-02
2.744434089668024504e-02
2.742971867135928637e-02
2.741521480407901543e-02
2.740082807461751216e-02
2.738655727909134960e-02
2.737240122968528228e-02
2.735835875438748233e-02
2.734442869672985832e-02
2.733060991553347766e-02
2.731690128465887740e-02
2.730330169276135727e-02
2.728981004305091121e-02
2.727642525305680118e-02
2.726314625439667585e-02
2.724997199255014754e-02
2.723690142663660538e-02
2.722393352919739995e-02
2.721106728598205599e-02
2.719830169573856857e-02
2.718563577000767187e-02
2.717306853292099020e-02
2.716059902100292217e-02
2.714822628297631005e-02
2.713594937957167219e-02
2.712376738334005069e-02
2.711167937846923476e-02
2.709968446060345357e-02
2.708778174749091119e-02
2.707597033574034653e-02
2.706424936491644631e-02
2.705261797475148194e-02
2.704107531558105210e-02
2.702962054818269788e-02
2.701825284361732138e-02
2.700697138307366074e-02
2.699577535771537778e-02
2.698466396853111543e-02
2.697363642618696294e-02
2.696269195088180429e-02
2.695182977220509854e-02
2.694104912899723120e-02
2.693034926921231142e-02
2.691972944978343260e-02
2.690918893649030946e-02
2.689872700382908363e-02
2.688834293488472083e-02
2.687803602120527463e-02
2.686780556267863093e-02
2.685765086741118829e-02
2.684757125160877264e-02
2.683756603945954000e-02
2.682763456301886715e-02
2.681777616209632051e-02
2.680799018414444998e-02
2.679827598414956380e-02
2.678863292452427977e-02
2.677906037500197428e-02
2.676955771253299379e-02
2.676012432118258719e-02
2.675075959203060752e-02
2.674146292307283748e-02
2.673223371912403223e-02
2.672307139172255125e-02
2.671397535903652365e-02
2.670494504577170317e-02
2.669597988308067965e-02
2.668707930847376633e-02
2.667824276573118464e-02
2.666946970481688661e-02
2.666075958179352917e-02
2.665211185873911717e-02
2.664352600366480528e-02
2.663500149043411189e-02
2.662653779868346879e-02
2.661813441374398861e-02
2.660979082656452985e-02
2.660150653363603512e-02
2.659328103691696588e-02
2.658511384376010395e-02
2.657700446684037668e-02
2.656895242408386856e-02
2.656095723859798127e-02
2.655301843860274902e-02
2.654513555736310454e-02
2.653730813312231082e-02
2.652953570903646141e-02
2.652181783310986543e-02
2.651415405813166426e-02
2.650654394161322189e-02
2.649898704572659774e-02
2.649148293724400832e-02
2.648403118747810411e-02
2.647663137222329086e-02
