# d_a
0.000000000000000000e+00
4.967930920794513838e+01
9.778648336506410033e+01
1.443865314929765304e+02
1.895408027121867747e+02
2.333072436799881189e+02
2.757406347357161280e+02
3.168928067731251872e+02
3.568128406434147450e+02
3.955472507018357646e+02
4.331401539426592535e+02
4.696334260185902281e+02
5.050668453090577827e+02
5.394782260850437297e+02
5.729035417143498989e+02
6.053770387589275970e+02
6.369313427336172708e+02
6.675975562222831741e+02
6.974053499817015336e+02
7.263830476048956371e+02
7.545577042630005735e+02
7.819551799975271251e+02
8.086002079925211774e+02
8.345164582179222634e+02
8.597265968011039377e+02
8.842523414525404633e+02
9.081145132435974574e+02
9.313330850091169850e+02
9.539272266245849323e+02
9.759153473869093887e+02
9.973151357090227975e+02
1.018143596321434302e+03
1.038417085158297141e+03
1.058151342091445031e+03
1.077361521662947325e+03
1.096062221954986853e+03
1.114267511725144232e+03
1.131990955925370145e+03
1.149245639713959463e+03
1.166044191061636866e+03
1.182398802045334605e+03
1.198321248916361810e+03
1.213822911023302140e+03
1.228914788664185153e+03
1.243607519937102779e+03
1.257911396653523070e+03
1.271836379374011358e+03
1.285392111621883259e+03
1.298587933326450639e+03
1.311432893543961200e+03
1.323935762501012960e+03
1.336105043002213051e+03
1.347948981240991543e+03
1.359475577049888670e+03
1.370692593624204846e+03
1.381607566750659316e+03
1.392227813570605122e+03
1.402560440905442874e+03
1.412612353170027745e+03
1.422390259898251315e+03
1.431900682903371717e+03
1.441149963094240093e+03
1.450144266967241037e+03
1.458889592792469784e+03
1.467391776511525222e+03
1.475656497363205517e+03
1.483689283252361975e+03
1.491495515876230229e+03
1.499080435621656306e+03
1.506449146245822021e+03
1.513606619352287680e+03
1.520557698673457480e+03
1.527307104169880404e+03
1.533859435956190282e+03
1.540219178062875017e+03
1.546390702042519933e+03
1.552378270428661381e+03
1.558186040054881914e+03
1.563818065241343220e+03
1.569278300855515681e+03
1.574570605253468102e+03
1.579698743107712062e+03
1.584666388127236360e+03
1.589477125675048683e+03
1.594134455288228310e+03
1.598641793105205352e+03
1.603002474204713508e+03
1.607219754860610465e+03
1.611296814716518838e+03
1.615236758884017263e+03
1.619042619967909332e+03
1.622717360021888908e+03
1.626263872437743657e+03
1.629684983771067891e+03
1.632983455506282780e+03
1.636161985763619441e+03
1.639223210950569637e+03
1.642169707360177881e+03
1.645003992718421387e+03
1.647728527682804270e+03
1.650345717294175756e+03
1.652857912383690291e+03
1.655267410936709666e+03
1.657576459415373392e+03
1.659787254041459846e+03
1.661901942041085249e+03
1.663922622852714994e+03
1.665851349299876574e+03
1.667690128729904245e+03
1.669440924119980082e+03
1.671105655151667406e+03
1.672686199255084375e+03
1.674184392623805024e+03
1.675602031201527097e+03
1.676940871641497324e+03
1.678202632239634795e+03
1.679388993842260334e+03
1.680501600729287702e+03
1.681542061473698595e+03
1.682511949778094504e+03
1.683412805289069183e+03
1.684246134390126826e+03
1.685013410973836926e+03
1.685716077193877709e+03
1.686355544197610470e+03
1.686933192839786216e+03
1.687450374377968046e+03
1.687908411150229085e+03
1.688308597235662091e+03
1.688652199098214851e+03
1.688940456214352935e+03
1.689174581685017984e+03
1.689355762832348773e+03
1.689485161781601846e+03
1.689563916028699168e+03
1.689593138993812317e+03
1.689573920561379737e+03
1.689507327606936542e+03
1.689394404511124094e+03
1.689236173661240400e+03
1.689033635940663316e+03
1.688787771206491243e+03
1.688499538755707817e+03
1.688169877780192337e+03
1.687799707810866721e+03
1.687389929151270053e+03
1.686941423300846736e+03
1.686455053368212702e+03
1.685931664474664103e+03
1.685372084148187014e+03
1.684777122708208935e+03
1.684147573641337431e+03
1.683484213968310542e+03
1.682787804602392498e+03
1.682059090699424587e+03
1.681298801999750594e+03
1.680507653162214183e+03
1.679686344090436023e+03
1.678835560251558036e+03
1.677955972987647556e+03
1.677048239819942182e+03
1.676113004746111528e+03
1.675150898530712084e+03
1.674162538989001177e+03
1.673148531264273515e+03
1.672109468098879915e+03
1.671045930099080579e+03
1.669958485993887052e+03
1.668847692888034089e+03
1.667714096509229194e+03
1.666558231449811728e+03
1.665380621402966653e+03
1.664181779393610896e+03
1.662962208004091053e+03
1.661722399594812259e+03
1.660462836519918937e+03
1.659183991338148189e+03
1.657886327018968586e+03
1.656570297144116466e+03
1.655236346104641825e+03
1.653884909293564078e+03
1.652516413294250015e+03
1.651131276064605800e+03
1.649729907117189441e+03
1.648312707695333984e+03
1.646880070945377838e+03
1.645432382085094105e+03
1.643970018568404612e+03
1.642493350246468935e+03
1.641002739525232300e+03
1.639498541519511036e+03
1.637981104203702898e+03
1.636450768559193875e+03
1.634907868718543341e+03
1.633352732106517806e+03
1.631785679578050122e+03
1.630207025553193034e+03
1.628617078149134159e+03
1.627016139309346499e+03
1.625404504929933410e+03
1.623782464983236650e+03
1.622150303638768719e+03
1.620508299381531060e+03
1.618856725127779328e+03
1.617195848338290261e+03
1.615525931129193168e+03
1.613847230380414203e+03
1.612159997841794166e+03
1.610464480236930513e+03
1.608760919364793153e+03
1.607049552199166556e+03
1.605330610985969543e+03
1.603604323338495760e+03
1.601870912330625515e+03
1.600130596588054004e+03
1.598383590377579822e+03
1.596630103694498075e+03
1.594870342348141776e+03
1.593104508045610146e+03
1.591332798473728189e+03
1.589555407379274129e+03
1.587772524647514729e+03
1.585984336379086926e+03
1.584191024965263068e+03
1.582392769161631350e+03
1.580589744160234432e+03
1.578782121660192843e+03
1.576970069936853861e+03
1.575153753909490661e+03
1.573333335207593564e+03
1.571508972235774763e+03
1.569680820237323587e+03
1.567849031356440719e+03
1.566013754699180026e+03
1.564175136393124831e+03
1.562333319645830443e+03
1.560488444802057074e+03
1.558640649399818358e+03
1.556790068225276855e+03
1.554936833366507926e+03
1.553081074266153337e+03
1.551222917772998699e+03
1.549362488192487717e+03
1.547499907336203250e+03
1.545635294570335418e+03
1.543768766863157907e+03
1.541900438831535439e+03
1.540030422786483086e+03
1.538158828777797908e+03
1.536285764637782449e+03
1.534411336024079901e+03
1.532535646461641818e+03
1.530658797383844558e+03
1.528780888172772393e+03
1.526902016198690490e+03
1.525022276858717987e+03
1.523141763614722322e+03
1.521260568030452532e+03
1.519378779807924275e+03
1.517496486823074520e+03
1.515613775160703426e+03
1.513730729148713863e+03
1.511847431391667669e+03
1.509963962803671848e+03
1.508080402640608554e+03
1.506196828531722758e+03
1.504313316510580989e+03
1.502429941045417536e+03
1.500546775068874922e+03
1.498663890007157079e+03
1.496781355808605667e+03
1.494899240971709560e+03
1.493017612572564758e+03
1.491136536291788389e+03
1.489256076440907009e+03
1.487376295988222637e+03
1.485497256584173329e+03
1.483619018586193533e+03
1.481741641083090144e+03
1.479865181918939015e+03
1.477989697716515821e+03
1.476115243900270571e+03
1.474241874718851250e+03
1.472369643267191577e+03
1.470498601508167440e+03
1.468628800293834956e+03
1.466760289386254044e+03
1.464893117477909527e+03
1.463027332211737985e+03
1.461162980200765560e+03
1.459300107047368783e+03
1.457438757362162960e+03
1.455578974782526529e+03
1.453720801990769587e+03
1.451864280731954068e+03
1.450009451831370825e+03
1.448156355211682012e+03
1.446305029909735595e+03
1.444455514093060174e+03
1.442607845076039666e+03
1.440762059335786489e+03
1.438918192527706879e+03
1.437076279500771307e+03
1.435236354312497724e+03
1.433398450243645584e+03
1.431562599812634744e+03
1.429728834789690154e+03
1.427897186210719383e+03
1.426067684390925933e+03
1.424240358938169493e+03
1.422415238766070161e+03
1.420592352106868930e+03
1.418771726524045334e+03
1.416953388924696583e+03
1.415137365571686587e+03
1.413323682095566937e+03
1.411512363506272322e+03
1.409703434204601081e+03
1.407896917993476791e+03
1.406092838089004090e+03
1.404291217131314625e+03
1.402492077195213824e+03
1.400695439800627810e+03
1.398901325922857268e+03
1.397109756002640097e+03
1.395320749956028294e+03
1.393534327184082031e+03
1.391750506582382286e+03
1.389969306550370902e+03
1.388190745000515790e+03
1.386414839367306968e+03
1.384641606616089348e+03
1.382871063251729993e+03
1.381103225327127575e+03
1.379338108451564949e+03
1.377575727798908702e+03
1.375816098115659088e+03
1.374059233728850586e+03
1.372305148553809659e+03
1.370553856101769497e+03
1.368805369487347889e+03
1.367059701435885245e+03
1.365316864290651665e+03
1.363576870019921671e+03
1.361839730223920242e+03
1.360105456141643117e+03
1.358374058657552268e+03
1.356645548308150865e+03
1.354919935288438865e+03
1.353197229458251513e+03
1.351477440348483015e+03
1.349760577167197653e+03
1.348046648805631776e+03
1.346335663844085047e+03
1.344627630557708699e+03
1.342922556922186459e+03
1.341220450619314533e+03
1.339521319042482446e+03
1.337825169302052245e+03
1.336132008230645624e+03
1.334441842388331906e+03
1.332754678067724853e+03
1.331070521298989888e+03
1.329389377854757640e+03
1.327711253254954045e+03
1.326036152771541083e+03
1.324364081433174533e+03
1.322695044029777137e+03
1.321029045117032638e+03
1.319366089020796608e+03
1.317706179841432686e+03
1.316049321458066515e+03
1.314395517532770100e+03
1.312744771514667264e+03
1.311097086643967486e+03
1.309452465955929483e+03
1.307810912284753158e+03
1.306172428267403120e+03
1.304537016347364442e+03
1.302904678778332482e+03
1.301275417627835850e+03
1.299649234780798224e+03
1.298026131943034216e+03
1.296406110644685668e+03
1.294789172243597477e+03
1.293175317928630875e+03
1.291564548722922837e+03
1.289956865487085679e+03
1.288352268922350049e+03
1.286750759573652658e+03
1.285152337832671947e+03
1.283557003940807817e+03
1.281964757992110435e+03
1.280375599936157641e+03
1.278789529580880981e+03
1.277206546595343070e+03
1.275626650512466995e+03
1.274049840731715676e+03
1.272476116521727135e+03
1.270905477022900641e+03
1.269337921249940564e+03
