# d_l
0.000000000000000000e+00
5.118086632875527187e+01
1.037416802019965161e+02
1.576737020536176601e+02
2.129680459274130726e+02
2.696156834776862183e+02
3.276074481295043483e+02
3.869340393901551920e+02
4.475860273030995700e+02
5.095538570353724026e+02
5.728278535891668071e+02
6.373982266280811473e+02
7.032550754083320044e+02
7.703883938050946654e+02
8.387880754239796488e+02
9.084439187876158712e+02
9.793456325872098205e+02
1.051482840989001488e+03
1.124845088985486427e+03
1.199421847781393808e+03
1.275202520204471057e+03
1.352176446131223656e+03
1.430332907917970942e+03
1.509661135827676844e+03
1.590150313443321693e+03
1.671789583058709468e+03
1.754568051037955001e+03
1.838474793135122127e+03
1.923498859765812995e+03
2.009629281222808686e+03
2.096855072828220273e+03
2.185165240014970095e+03
2.274548783330733841e+03
2.364994703357931940e+03
2.456492005543686446e+03
2.549029704934066103e+03
2.642596830807352490e+03
2.737182431201442796e+03
2.832775577330937722e+03
2.929365367889820391e+03
3.026940933236057390e+03
3.125491439454877309e+03
3.225006092297810937e+03
3.325474140995001562e+03
3.426884881938679882e+03
3.529227662236040032e+03
3.632491883130113820e+03
3.736667003287605439e+03
3.841742541952971351e+03
3.947708081968370152e+03
4.054553272659352388e+03
4.162267832586569966e+03
4.270841552163957203e+03
4.380264296144167020e+03
4.490526005972257735e+03
4.601616702008914217e+03
4.713526485624640372e+03
4.826245541166651492e+03
4.939764137800270873e+03
5.054072631226964404e+03
5.169161465281171331e+03
5.285021173408274990e+03
5.401642380026275532e+03
5.519015801773732164e+03
5.637132248646675180e+03
5.755982625027354516e+03
5.875557930607678827e+03
5.995849261210340956e+03
6.116847809510606567e+03
6.238544865661855511e+03
6.360931817827988198e+03
6.484000152625823830e+03
6.607741455480570949e+03
6.732147410897616282e+03
6.857209802653725092e+03
6.982920513910754380e+03
7.109271527255094952e+03
7.236254924665875478e+03
7.363862887414960824e+03
7.492087695901925144e+03
7.620921729426787351e+03
7.750357465903633965e+03
7.880387481517933338e+03
8.011004450330387954e+03
8.142201143830153342e+03
8.273970430440127529e+03
8.406305274976937653e+03
8.539198738068293096e+03
8.672643975530188982e+03
8.806634237706410204e+03
8.941162868772777074e+03
9.076223306008430882e+03
9.211809079036353069e+03
9.347913809035439044e+03
9.484531207926042043e+03
9.621655077531184361e+03
9.759279308715309526e+03
9.897397880502476255e+03
1.003600485917581500e+04
1.017509439736004424e+04
1.031466073308859995e+04
1.045469818885712448e+04
1.059520117066478633e+04
1.073616416704485891e+04
1.087758174808611147e+04
1.101944856444617290e+04
1.116175934635829617e+04
1.130450890263269503e+04
1.144769211965355498e+04
1.159130396037294668e+04
1.173533946330258368e+04
1.187979374150444346e+04
1.202466198158121369e+04
1.216993944266746985e+04
1.231562145542231883e+04
1.246170342102443465e+04
1.260818081017015538e+04
1.275504916207531096e+04
1.290230408348154197e+04
1.304994124766760251e+04
1.319795639346630014e+04
1.334634532428760212e+04
1.349510390714836285e+04
1.364422807170917440e+04
1.379371380931877320e+04
1.394355717206635745e+04
1.409375427184222463e+04
1.424430127940706370e+04
1.439519442347014774e+04
1.454642998977681600e+04
1.469800432020540757e+04
1.484991381187387015e+04
1.500215491625639152e+04
1.515472413831001359e+04
1.530761803561161651e+04
1.546083321750525283e+04
1.561436634426004639e+04
1.576821412623872675e+04
1.592237332307689212e+04
1.607684074287309704e+04
1.623161324138977579e+04
1.638668772126510157e+04
1.654206113123579416e+04
1.669773046537082701e+04
1.685369276231619006e+04
1.700994510455051932e+04
1.716648461765174579e+04
1.732330846957461472e+04
1.748041386993910419e+04
1.763779806932971042e+04
1.779545835860545776e+04
1.795339206822072811e+04
1.811159656755666947e+04
1.827006926426328937e+04
1.842880760361196735e+04
1.858780906785848856e+04
1.874707117561639461e+04
1.890659148124054991e+04
1.906636757422091978e+04
1.922639707858638576e+04
1.938667765231853264e+04
1.954720698677522159e+04
1.970798280612397139e+04
1.986900286678494012e+04
2.003026495688337673e+04
2.019176689571153838e+04
2.035350653319980847e+04
2.051548174939705132e+04
2.067769045395989815e+04
2.084013058565103711e+04
2.100280011184624891e+04
2.116569702805011912e+04
2.132881935742027781e+04
2.149216515030006849e+04
2.165573248375955154e+04
2.181951946114455859e+04
2.198352421163392501e+04
2.214774488980457681e+04
2.231217967520438833e+04
2.247682677193280324e+04
2.264168440822888806e+04
2.280675083606693443e+04
2.297202433075925364e+04
2.313750319056626176e+04
2.330318573631355321e+04
2.346907031101597386e+04
2.363515527950850083e+04
2.380143902808381972e+04
2.396791996413657398e+04
2.413459651581398430e+04
2.430146713167295457e+04
2.446853028034335512e+04
2.463578445019752689e+04
2.480322814902574100e+04
2.497085990371765001e+04
2.513867825994959640e+04
2.530668178187754529e+04
2.547486905183571071e+04
2.564323867004067506e+04
2.581178925430094750e+04
2.598051943973178641e+04
2.614942787847526415e+04
2.631851323942549789e+04
2.648777420795884973e+04
2.665720948566904553e+04
2.682681779010720129e+04
2.699659785452660435e+04
2.716654842763202396e+04
2.733666827333375477e+04
2.750695617050608780e+04
2.767741091275015060e+04
2.784803130816108751e+04
2.801881617909952911e+04
2.818976436196716168e+04
2.836087470698632751e+04
2.853214607798377983e+04
2.870357735217821391e+04
2.887516741997166537e+04
2.904691518474480108e+04
2.921881956265577901e+04
2.939087948244277504e+04
2.956309388523011512e+04
2.973546172433786342e+04
2.990798196509481932e+04
3.008065358465494137e+04
3.025347557181698357e+04
3.042644692684739857e+04
3.059956666130644953e+04
3.077283379787737067e+04
3.094624737019858730e+04
3.111980642269891905e+04
3.129351001043583165e+04
3.146735719893631176e+04
3.164134706404079043e+04
3.181547869174979496e+04
3.198975117807316201e+04
3.216416362888207732e+04
3.233871515976365845e+04
3.251340489587809134e+04
3.268823197181823707e+04
3.286319553147179977e+04
3.303829472788582643e+04
3.321352872313353873e+04
3.338889668818360224e+04
3.356439780277157843e+04
3.374003125527360680e+04
3.391579624258233525e+04
3.409169196998494590e+04
3.426771765104329097e+04
3.444387250747611688e+04
3.462015576904330374e+04
3.479656667343202571e+04
3.497310446614502143e+04
3.514976840039058879e+04
3.532655773697452969e+04
3.550347174419397925e+04
3.568050969773303950e+04
3.585767088055999920e+04
3.603495458282654727e+04
3.621236010176855780e+04
3.638988674160849769e+04
3.656753381345953676e+04
3.674530063523133867e+04
3.692318653153726336e+04
3.710119083360319200e+04
3.727931287917795999e+04
3.745755201244512136e+04
3.763590758393623400e+04
3.781437895044567267e+04
3.799296547494669358e+04
3.817166652650896140e+04
3.835048148021745146e+04
3.852940971709263977e+04
3.870845062401193718e+04
3.888760359363260068e+04
3.906686802431565593e+04
3.924624332005122415e+04
3.942572889038497669e+04
3.960532415034580481e+04
3.978502852037468256e+04
3.996484142625459208e+04
4.014476229904163483e+04
4.032479057499726332e+04
4.050492569552152418e+04
4.068516710708737082e+04
4.086551426117613300e+04
4.104596661421387398e+04
4.122652362750874454e+04
4.140718476718949387e+04
4.158794950414472987e+04
4.176881731396330724e+04
4.194978767687554500e+04
4.213086007769535354e+04
4.231203400576338754e+04
4.249330895489091199e+04
4.267468442330463586e+04
4.285615991359242616e+04
4.303773493264974968e+04
4.321940899162703863e+04
4.340118160587779130e+04
4.358305229490754573e+04
4.376502058232351555e+04
4.394708599578514259e+04
4.412924806695522420e+04
4.431150633145195752e+04
4.449386032880157290e+04
4.467630960239171691e+04
4.485885369942560646e+04
4.504149217087675788e+04
4.522422457144445070e+04
4.540705045950986823e+04
4.558996939709286380e+04
4.577298094980936003e+04
4.595608468682939565e+04
4.613928018083582720e+04
4.632256700798351085e+04
4.650594474785926286e+04
4.668941298344224197e+04
4.687297130106501572e+04
4.705661929037517984e+04
4.724035654429742135e+04
4.742418265899631660e+04
4.760809723383955861e+04
4.779209987136163545e+04
4.797619017722825083e+04
4.816036776020104298e+04
4.834463223210288561e+04
4.852898320778375637e+04
4.871342030508691823e+04
4.889794314481579204e+04
4.908255135070108372e+04
4.926724454936855909e+04
4.945202237030716060e+04
4.963688444583759701e+04
4.982183041108136968e+04
5.000685990393025713e+04
5.019197256501622905e+04
5.037716803768168757e+04
5.056244596795024700e+04
5.074780600449784106e+04
5.093324779862420837e+04
5.111877100422488002e+04
5.130437527776338538e+04
5.149006027824400371e+04
5.167582566718478483e+04
5.186167110859093373e+04
5.204759626892863162e+04
5.223360081709912629e+04
5.241968442441323714e+04
5.260584676456614397e+04
5.279208751361261238e+04
5.297840634994237189e+04
5.316480295425601798e+04
5.335127700954115426e+04
5.353782820104878192e+04
5.372445621627014771e+04
5.391116074491372274e+04
5.409794147888266161e+04
5.428479811225244339e+04
5.447173034124881087e+04
5.465873786422606645e+04
5.484582038164557889e+04
5.503297759605459578e+04
5.522020921206536150e+04
5.540751493633443897e+04
5.559489447754233697e+04
5.578234754637345759e+04
5.596987385549612372e+04
5.615747311954309407e+04
5.634514505509217270e+04
5.653288938064705872e+04
5.672070581661853066e+04
5.690859408530582732e+04
5.709655391087822500e+04
5.728458501935688400e+04
5.747268713859696436e+04
5.766085999826984335e+04
5.784910332984571141e+04
5.803741686657626269e+04
5.822580034347761830e+04
5.841425349731355527e+04
5.860277606657879369e+04
5.879136779148264759e+04
5.898002841393274866e+04
5.916875767751901003e+04
5.935755532749785198e+04
5.954642111077650770e+04
5.973535477589759830e+04
5.992435607302390417e+04
6.011342475392323831e+04
6.030256057195353787e+04
6.049176328204828314e+04
6.068103264070174919e+04
6.087036840595486137e+04
6.105977033738086175e+04
6.124923819607129553e+04
6.143877174462225230e+04
6.162837074712057802e+04
6.181803496913037088e+04
6.200776417767963721e+04
6.219755814124709286e+04
