# d_m
0.000000000000000000e+00
5.042449884606430999e+01
1.007200778660160267e+02
1.508839254101604581e+02
2.009132508749179920e+02
2.508052869559872136e+02
3.005572918619305938e+02
3.501665514843033407e+02
3.996303815206245531e+02
4.489461295465836201e+02
4.981111770340581302e+02
5.471229413116576552e+02
5.959788774646881393e+02
6.446764801716273041e+02
6.932132854743633743e+02
7.415868724796863489e+02
7.897948649896853794e+02
8.378349330589653619e+02
8.857047944767609806e+02
9.334022161722908777e+02
9.809250155419008479e+02
1.028271061696748120e+03
1.075438276630053224e+03
1.122424636303105444e+03
1.169228171649501292e+03
1.215846969497243208e+03
1.262279173408600627e+03
1.308522984437809328e+03
1.354576661806910579e+03
1.400438523500215069e+03
1.446106946778083056e+03
1.491580368610901132e+03
1.536857286034279696e+03
1.581936256426710315e+03
1.626815897711050638e+03
1.671494888481355019e+03
1.715971968056722289e+03
1.760245936463950329e+03
1.804315654350916020e+03
1.848180042832694426e+03
1.891838083272535641e+03
1.935288816999924165e+03
1.978531344967982250e+03
2.021564827352584643e+03
2.064388483095590345e+03
2.107001589394651091e+03
2.149403481142079272e+03
2.191593550315310949e+03
2.233571245321495098e+03
2.275336070298772484e+03
2.316887584376772793e+03
2.358225400898906173e+03
2.399349186608964828e+03
2.440258660804549891e+03
2.480953594459811029e+03
2.521433809319953070e+03
2.561699176969913424e+03
2.601749617879596371e+03
2.641585100427952057e+03
2.681205639908203921e+03
2.720611297516406012e+03
2.759802179325469751e+03
2.798778435246775189e+03
2.837540257981353534e+03
2.876087881962589563e+03
2.914421582292331095e+03
2.952541673672200432e+03
2.990448509331841251e+03
3.028142479955745785e+03
3.065624012610247973e+03
3.102893569672189642e+03
3.139951647760689411e+03
3.176798776673351313e+03
3.213435518328218222e+03
3.249862465712666108e+03
3.286080241840355029e+03
3.322089498717334664e+03
3.357890916318271138e+03
3.393485201573714676e+03
3.428873087369302084e+03
3.464055331557630325e+03
3.499032715983581966e+03
3.533806045523736884e+03
3.568376147140484591e+03
3.602743868951395598e+03
3.636910079314342056e+03
3.670875665928793751e+03
3.704641534953706923e+03
3.738208610142323323e+03
3.771577831994180087e+03
3.804750156924586463e+03
3.837726556451767465e+03
3.870508016401829536e+03
3.903095536131707377e+03
3.935490127770141953e+03
3.967692815476777014e+03
3.999704634719389560e+03
4.031526631569236542e+03
4.063159862014500504e+03
4.094605391291768228e+03
4.125864293235439618e+03
4.156937649644980411e+03
4.187826549669875931e+03
4.218532089212125356e+03
4.249055370346137352e+03
4.279397500755794681e+03
4.309559593188531835e+03
4.339542764926178279e+03
4.369348137272349049e+03
4.398976835056147138e+03
4.428429986151918456e+03
4.457708721014800176e+03
4.486814172231796874e+03
4.515747474088115268e+03
4.544509762148457412e+03
4.573102172853004049e+03
4.601525843127793451e+03
4.629781910009187413e+03
4.657871510282145209e+03
4.685795780131993524e+03
4.713555854809393168e+03
4.741152868308206962e+03
4.768587953055958678e+03
4.795862239616581974e+03
4.822976856405165563e+03
4.849932929414385399e+03
4.876731581952327360e+03
4.903373934391415787e+03
4.929861103928133161e+03
4.956194204353259920e+03
4.982374345832341533e+03
5.008402634696078167e+03
5.034280173240399563e+03
5.060008059535897701e+03
5.085587387246384424e+03
5.111019245456282079e+03
5.136304718506594327e+03
5.161444885839190647e+03
5.186440821849150780e+03
5.211293595744926279e+03
5.236004271416056326e+03
5.260573907308219532e+03
5.285003556305365237e+03
5.309294265618705140e+03
5.333447076682338775e+03
5.357463025055281832e+03
5.381343140329700873e+03
5.405088446045121600e+03
5.428699959608417885e+03
5.452178692219385084e+03
5.475525648801679381e+03
5.498741827938966708e+03
5.521828221816058431e+03
5.544785816164882817e+03
5.567615590215095835e+03
5.590318516649170306e+03
5.612895561561795148e+03
5.635347684423412829e+03
5.657675838047750403e+03
5.679880968563186798e+03
5.701964015387803556e+03
5.723925911207970785e+03
5.745767581960341886e+03
5.767489946817108830e+03
5.789093918174386090e+03
5.810580401643607729e+03
5.831950296045791220e+03
5.853204493408574308e+03
5.874343878965880322e+03
5.895369331160124602e+03
5.916281721646831102e+03
5.937081915301576373e+03
5.957770770229127265e+03
5.978349137774706833e+03
5.998817862537272049e+03
6.019177782384706006e+03
6.039429728470859118e+03
6.059574525254330183e+03
6.079612990518907282e+03
6.099545935395604829e+03
6.119374164386186749e+03
6.139098475388138468e+03
6.158719659720979507e+03
6.178238502153874833e+03
6.197655780934455834e+03
6.216972267818800901e+03
6.236188728102506502e+03
6.255305920652778696e+03
6.274324597941511456e+03
6.293245506079265397e+03
6.312069384850117785e+03
6.330796967747311101e+03
6.349428982009671927e+03
6.367966148658726524e+03
6.386409182536483968e+03
6.404758792343846835e+03
6.423015680679580328e+03
6.441180544079825268e+03
6.459254073058104950e+03
6.477236952145784016e+03
6.495129859932946601e+03
6.512933469109655562e+03
6.530648446507569133e+03
6.548275453141866819e+03
6.565815144253459039e+03
6.583268169351461438e+03
6.600635172255893849e+03
6.617916791140565692e+03
6.635113658576154194e+03
6.652226401573419025e+03
6.669255641626541546e+03
6.686201994756563181e+03
6.703066071554912014e+03
6.719848477226974865e+03
6.736549811635707556e+03
6.753170669345274291e+03
6.769711639664672475e+03
6.786173306691342987e+03
6.802556249354754982e+03
6.818861041459925218e+03
6.835088251730878255e+03
6.851238443854024808e+03
6.867312176521446418e+03
6.883310003474067344e+03
6.899232473544711866e+03
6.915080130701025155e+03
6.930853514088245902e+03
6.946553158071839789e+03
6.962179592279948338e+03
6.977733341645678593e+03
6.993214926449196355e+03
7.008624862359649342e+03
7.023963660476854784e+03
7.039231827372813314e+03
7.054429865132992745e+03
7.069558271397383578e+03
7.084617539401338945e+03
7.099608158016171728e+03
7.114530611789516115e+03
7.129385380985439042e+03
7.144172941624305167e+03
7.158893765522389003e+03
7.173548320331217838e+03
7.188137069576663635e+03
7.202660472697762998e+03
7.217118985085263375e+03
7.231513058119900961e+03
7.245843139210403024e+03
7.260109671831205560e+03
7.274313095559899011e+03
7.288453846114379303e+03
7.302532355389723307e+03
7.316549051494775995e+03
7.330504358788443824e+03
7.344398697915701632e+03
7.358232485843313043e+03
7.372006135895256193e+03
7.385720057787847509e+03
7.399374657664589904e+03
7.412970338130719028e+03
7.426507498287447561e+03
7.439986533765928471e+03
7.453407836760920873e+03
7.466771796064157570e+03
7.480078797097417919e+03
7.493329221945319659e+03
7.506523449387799701e+03
7.519661854932314782e+03
7.532744810845751999e+03
7.545772686186036481e+03
7.558745846833458017e+03
7.571664655521708482e+03
7.584529471868629116e+03
7.597340652406661320e+03
7.610098550613033694e+03
7.622803516939640758e+03
7.635455898842650640e+03
7.648056040811828098e+03
7.660604284399575590e+03
7.673100968249697871e+03
7.685546428125882812e+03
7.697940996939911201e+03
7.710285004779591873e+03
7.722578778936419440e+03
7.734822643932960091e+03
7.747016921549979088e+03
7.759161930853283593e+03
7.771257988220309926e+03
7.783305407366446161e+03
7.795304499371083693e+03
7.807255572703422331e+03
7.819158933248004359e+03
7.831014884329992128e+03
7.842823726740201892e+03
7.854585758759872078e+03
7.866301276185186907e+03
7.877970572351548981e+03
7.889593938157608136e+03
7.901171662089038364e+03
7.912704030242077351e+03
7.924191326346825917e+03
7.935633831790302793e+03
7.947031825639265662e+03
7.958385584662799374e+03
7.969695383354668593e+03
7.980961493955438527e+03
7.992184186474368289e+03
8.003363728711081421e+03
8.014500386277003599e+03
8.025594422616584779e+03
8.036646099028295794e+03
8.047655674685413032e+03
8.058623406656577572e+03
8.069549549926146028e+03
8.080434357414330407e+03
8.091278079997119676e+03
8.102080966526003976e+03
8.112843263847478738e+03
8.123565216822360526e+03
8.134247068344888248e+03
8.144889059361624277e+03
8.155491428890167299e+03
8.166054414037659626e+03
8.176578250019099869e+03
8.187063170175470077e+03
8.197509405991666426e+03
8.207917187114242552e+03
8.218286741368967341e+03
8.228618294778196287e+03
8.238912071578060932e+03
8.249168294235476424e+03
8.259387183464972622e+03
8.269568958245345129e+03
8.279713835836129874e+03
8.289822031793904898e+03
8.299893759988424790e+03
8.309929232618580500e+03
8.319928660228189983e+03
8.329892251721623325e+03
8.339820214379267782e+03
8.349712753872821850e+03
8.359570074280438348e+03
8.369392378101694703e+03
8.379179866272417712e+03
8.388932738179348235e+03
8.398651191674645816e+03
8.408335423090247787e+03
8.417985627252075574e+03
8.427601997494090028e+03
8.437184725672197601e+03
8.446734002178018272e+03
8.456250015952493413e+03
8.465732954499366315e+03
8.475183003898515381e+03
8.484600348819141800e+03
8.493985172532829893e+03
8.503337656926454656e+03
8.512657982514974719e+03
8.521946328454072500e+03
8.531202872552672488e+03
8.540427791285323110e+03
8.549621259804454894e+03
8.558783451952504038e+03
8.567914540273912280e+03
8.577014696027003083e+03
8.586084089195728666e+03
8.595122888501302441e+03
8.604131261413700486e+03
8.613109374163052053e+03
8.622057391750906390e+03
8.630975477961383149e+03
8.639863795372206368e+03
8.648722505365627512e+03
8.657551768139230262e+03
8.666351742716624358e+03
8.675122586958032116e+03
8.683864457570760351e+03
8.692577510119566796e+03
8.701261899036921022e+03
8.709917777633152582e+03
8.718545298106500923e+03
8.727144611553059804e+03
8.735715867976619847e+03
8.744259216298405590e+03
8.752774804366717945e+03
8.761262778966472979e+03
8.769723285828646112e+03
8.778156469639618081e+03
8.786562474050426317e+03
8.794941441685916288e+03
8.803293514153801880e+03
8.811618832053645747e+03
8.819917534985719612e+03
8.828189761559806357e+03
8.836435649403887510e+03
8.844655335172750711e+03
8.852848954556520766e+03
8.861016642289083393e+03
8.869158532156438014e+03
8.877274757004959611e+03
8.885365448749584175e+03
