# d_v
0.000000000000000000e+00
5.040315992874547391e+01
1.006334308665858543e+02
1.506860740190991805e+02
2.005563870102868407e+02
2.502397088958073539e+02
2.997314250856086915e+02
3.490269721656694060e+02
3.981218426089321838e+02
4.470115893658598907e+02
4.956918303254854550e+02
5.441582526382609331e+02
5.924066168925032798e+02
6.404327611367583586e+02
6.882326047409275134e+02
7.358021520895931644e+02
7.831374961015412737e+02
8.302348215701067602e+02
8.770904083195639487e+02
9.237006341734260104e+02
9.700619777311534335e+02
1.016171020950383877e+03
1.062024451532471630e+03
1.107619065109712892e+03
1.152951767233300643e+03
1.198019575161628154e+03
1.242819619449195898e+03
1.287349145336935635e+03
1.331605513945353323e+03
1.375586203272421471e+03
1.419288808998685226e+03
1.462711045102549406e+03
1.505850744289163003e+03
1.548705858236793802e+03
1.591274457664970896e+03
1.633554732229077217e+03
1.675544990246411544e+03
1.717243658259070799e+03
1.758649280439300355e+03
1.799760517843190883e+03
1.840576147518850803e+03
1.881095061475378770e+03
1.921316265519091530e+03
1.961238877963637606e+03
2.000862128220697969e+03
2.040185355278061024e+03
2.079208006071904038e+03
2.117929633760127672e+03
2.156349895903590095e+03
2.194468552562058449e+03
2.232285464311616124e+03
2.269800590190239745e+03
2.307013985578107622e+03
2.343925800019136204e+03
2.380536274990075981e+03
2.416845741623380945e+03
2.452854618389875668e+03
2.488563408747115318e+03
2.523972698759094328e+03
2.559083154692829339e+03
2.593895520597094674e+03
2.628410615868388959e+03
2.662629332809040079e+03
2.696552634182076417e+03
2.730181550767309545e+03
2.763517178922863422e+03
2.796560678156118229e+03
2.829313268707856423e+03
2.861776229153158056e+03
2.893950894022361354e+03
2.925838651445218147e+03
2.957440940821125878e+03
2.988759250518124190e+03
3.019795115603138584e+03
3.050550115605749397e+03
3.081025872317555240e+03
3.111224047629033066e+03
3.141146341405603835e+03
3.170794489404410797e+03
3.200170261233195561e+03
3.229275458352436544e+03
3.258111912121803925e+03
3.286681481891797375e+03
3.314986053141316461e+03
3.343027535661758520e+03
3.370807861788122409e+03
3.398328984677455537e+03
3.425592876634883851e+03
3.452601527487357998e+03
3.479356943005107041e+03
3.505861143370761511e+03
3.532116161695951632e+03
3.558124042585144252e+03
3.583886840746398320e+03
3.609406619648628748e+03
3.634685450224930264e+03
3.659725409621425115e+03
3.684528579991065726e+03
3.709097047331767044e+03
3.733432900368186438e+03
3.757538229476440847e+03
3.781415125651018570e+03
3.805065679513098985e+03
3.828491980359468471e+03
3.851696115251207175e+03
3.874680168141283502e+03
3.897446219040195047e+03
3.919996343218763741e+03
3.942332610447185289e+03
3.964457084269442930e+03
3.986371821312158318e+03
4.008078870626978187e+03
4.029580273065564597e+03
4.050878060686298795e+03
4.071974256191764653e+03
4.092870872396115374e+03
4.113569911721420794e+03
4.134073365722101698e+03
4.154383214636563935e+03
4.174501426965159226e+03
4.194429959073616374e+03
4.214170754821078845e+03
4.233725745211922913e+03
4.253096848070525084e+03
4.272285967738174804e+03
4.291294994791332101e+03
4.310125805780458904e+03
4.328780262988661889e+03
4.347260214209385595e+03
4.365567492542457330e+03
4.383703916207738075e+03
4.401671288375709082e+03
4.419471397014309332e+03
4.437106014751360817e+03
4.454576898751943190e+03
4.471885790610094773e+03
4.489034416254223288e+03
4.506024485865650604e+03
4.522857693809704870e+03
4.539535718578813430e+03
4.556060222747052649e+03
4.572432852935628034e+03
4.588655239788799918e+03
4.604728997959726257e+03
4.620655726105793292e+03
4.636437006892938371e+03
4.652074407008549315e+03
4.667569477182491937e+03
4.682923752215864624e+03
4.698138751017087088e+03
4.713215976644914917e+03
4.728156916358038870e+03
4.742963041670890561e+03
4.757635808415323481e+03
4.772176656807824656e+03
4.786587011521957720e+03
4.800868281765712709e+03
4.815021861363474272e+03
4.829049128842335449e+03
4.842951447522461422e+03
4.856730165611276789e+03
4.870386616301183494e+03
4.883922117870610236e+03
4.897337973788133240e+03
4.910635472819466486e+03
4.923815889137091290e+03
4.936880482432350618e+03
4.949830498029779847e+03
4.962667167003516624e+03
4.975391706295598851e+03
4.988005318835984326e+03
5.000509193664131999e+03
5.012904506051988392e+03
5.025192417628229123e+03
5.037374076503623655e+03
5.049450617397375936e+03
5.061423161764326323e+03
5.073292817922888389e+03
5.085060681183595079e+03
5.096727833978167837e+03
5.108295345988967711e+03
5.119764274278777521e+03
5.131135663420763194e+03
5.142410545628580621e+03
5.153589940886504337e+03
5.164674857079509820e+03
5.175666290123240287e+03
5.186565224093771576e+03
5.197372631357126920e+03
5.208089472698451573e+03
5.218716697450806350e+03
5.229255243623519164e+03
5.239706038030036325e+03
5.250069996415220885e+03
5.260348023582059795e+03
5.270541013517728061e+03
5.280649849518971678e+03
5.290675404316758431e+03
5.300618540200185635e+03
5.310480109139581145e+03
5.320260952908788568e+03
5.329961903206590250e+03
5.339583781777255354e+03
5.349127400530177511e+03
5.358593561658581166e+03
5.367983057757275674e+03
5.377296671939446242e+03
5.386535177952433514e+03
5.395699340292534544e+03
5.404789914318765113e+03
5.413807646365581604e+03
5.422753273854578765e+03
5.431627525405112465e+03
5.440431120943857422e+03
5.449164771813294465e+03
5.457829180879115484e+03
5.466425042636535181e+03
5.474953043315518698e+03
5.483413860984902385e+03
5.491808165655417724e+03
5.500136619381616583e+03
5.508399876362691430e+03
5.516598583042185055e+03
5.524733378206607085e+03
5.532804893082930903e+03
5.540813751435010090e+03
5.548760569658876193e+03
5.556645956876950549e+03
5.564470515031158357e+03
5.572234838974950435e+03
5.579939516564249971e+03
5.587585128747302406e+03
5.595172249653463041e+03
5.602701446680910522e+03
5.610173280583295309e+03
5.617588305555325860e+03
5.624947069317314345e+03
5.632250113198671897e+03
5.639497972220361589e+03
5.646691175176335491e+03
5.653830244713935826e+03
5.660915697413297494e+03
5.667948043865723776e+03
5.674927788751089793e+03
5.681855430914235512e+03
5.688731463440398329e+03
5.695556373729657025e+03
5.702330643570423490e+03
5.709054749211976741e+03
5.715729161436062896e+03
5.722354345627545626e+03
5.728930761844142580e+03
5.735458864885241383e+03
5.741939104359811608e+03
5.748371924753419080e+03
5.754757765494349769e+03
5.761097061018864224e+03
5.767390240835575241e+03
5.773637729588974253e+03
5.779839947122104604e+03
5.785997308538396283e+03
5.792110224262677548e+03
5.798179100101353470e+03
5.804204337301795022e+03
5.810186332610905993e+03
5.816125478332913190e+03
5.822022162386371747e+03
5.827876768360397364e+03
5.833689675570140025e+03
5.839461259111500112e+03
5.845191889915099637e+03
5.850881934799529517e+03
5.856531756523865624e+03
5.862141713839462682e+03
5.867712161541056048e+03
5.873243450517152269e+03
5.878735927799739329e+03
5.884189936613319333e+03
5.889605816423259057e+03
5.894983902983493863e+03
5.900324528383566758e+03
5.905628021095031727e+03
5.910894706017212229e+03
5.916124904522342149e+03
5.921318934500078285e+03
5.926477110401412574e+03
5.931599743281974952e+03
5.936687140844738678e+03
5.941739607482153588e+03
5.946757444317685440e+03
5.951740949246794116e+03
5.956690416977351560e+03
5.961606139069495839e+03
5.966488403974944958e+03
5.971337497075773172e+03
5.976153700722649774e+03
5.980937294272558574e+03
5.985688554125992596e+03
5.990407753763651272e+03
5.995095163782621967e+03
5.999751051932075825e+03
6.004375683148467033e+03
6.008969319590255509e+03
6.013532220672154835e+03
6.018064643098903616e+03
6.022566840898590272e+03
6.027039065455506716e+03
6.031481565542562748e+03
6.035894587353256611e+03
6.040278374533202623e+03
6.044633168211244993e+03
6.048959207030132347e+03
6.053256727176773893e+03
6.057525962412101762e+03
6.061767144100505902e+03
6.065980501238885154e+03
6.070166260485290877e+03
6.074324646187194958e+03
6.078455880409366728e+03
6.082560182961369719e+03
6.086637771424693710e+03
6.090688861179517517e+03
6.094713665431107074e+03
6.098712395235858821e+03
6.102685259526995651e+03
6.106632465139910892e+03
6.110554216837171225e+03
6.114450717333189459e+03
6.118322167318560787e+03
6.122168765484074356e+03
6.125990708544397421e+03
6.129788191261452084e+03
6.133561406467470078e+03
6.137310545087745595e+03
6.141035796163081613e+03
6.144737346871929731e+03
6.148415382552255323e+03
6.152070086723085296e+03
6.155701641105788440e+03
6.159310225645066566e+03
6.162896018529665525e+03
6.166459196212815186e+03
6.169999933432394755e+03
6.173518403230836157e+03
6.177014776974763663e+03
6.180489224374364312e+03
6.183941913502524585e+03
6.187373010813692417e+03
6.190782681162498193e+03
6.194171087822153822e+03
6.197538392502564420e+03
6.200884755368243532e+03
6.204210335055981886e+03
6.207515288692276044e+03
6.210799771910538766e+03
6.214063938868084733e+03
6.217307942262887082e+03
6.220531933350132931e+03
6.223736061958541541e+03
6.226920476506492378e+03
6.230085324017928542e+03
6.233230750138061012e+03
6.236356899148874618e+03
6.239463913984422106e+03
6.242551936245933575e+03
6.245621106216718545e+03
6.248671562876900680e+03
6.251703443917920595e+03
6.254716885756907686e+03
6.257712023550815502e+03
6.260688991210417953e+03
6.263647921414095435e+03
6.266588945621471794e+03
6.269512194086856653e+03
6.272417795872530405e+03
6.275305878861850942e+03
6.278176569772203038e+03
6.281029994167779478e+03
6.283866276472200298e+03
6.286685539980971953e+03
6.289487906873796419e+03
6.292273498226712036e+03
6.295042434024097929e+03
6.297794833170514721e+03
6.300530813502404271e+03
6.303250491799638439e+03
6.305953983796929606e+03
6.308641404195090217e+03
6.311312866672163182e+03
6.313968483894398560e+03
6.316608367527114751e+03
6.319232628245400520e+03
6.321841375744706056e+03
6.324434718751292166e+03
6.327012765032548486e+03
6.329575621407193466e+03
6.332123393755340658e+03
6.334656187028444947e+03
6.337174105259125099e+03
6.339677251570870794e+03
6.342165728187617788e+03
