# f_ap
0.000000000000000000e+00
1.501905947711502237e-02
3.007755818528435113e-02
4.517748835495841164e-02
6.032085670793470300e-02
7.550968287846712701e-02
9.074599783529896380e-02
1.060318423071416327e-01
1.213692652141235562e-01
1.367603221076950648e-01
1.522070736214550524e-01
1.677115839353161830e-01
1.832759192553765903e-01
1.989021463118154087e-01
2.145923308770536220e-01
2.303485363063607627e-01
2.461728221029956254e-01
2.620672425099010439e-01
2.780338451298596802e-01
2.940746695759421381e-01
3.101917461539647758e-01
3.263870945785694588e-01
3.426627227244358753e-01
3.590206254140148601e-01
3.754627832430664780e-01
3.919911614451612181e-01
4.086077087961908494e-01
4.253143565598128117e-01
4.421130174746399910e-01
4.590055847838591108e-01
4.759939313078496714e-01
4.930799085602664000e-01
5.102653459079155018e-01
5.275520497746596371e-01
5.449418028894730259e-01
5.624363635786571169e-01
5.800374651021246164e-01
5.977468150335727426e-01
6.155660946842550496e-01
6.334969585699772310e-01
6.515410339208624890e-01
6.696999202333361323e-01
6.879751888637193336e-01
7.063683826627327189e-01
7.248810156501533930e-01
7.435145727288110518e-01
7.622705094370361145e-01
7.811502517386412769e-01
8.001551958494469430e-01
8.192867080993527784e-01
8.385461248288735847e-01
8.579347523190793412e-01
8.774538667538025472e-01
8.971047142129946472e-01
9.168885106960534825e-01
9.368064421739705772e-01
9.568596646691087670e-01
9.770493043614176809e-01
9.973764577199067949e-01
1.017842191658179019e+00
1.038447543712850862e+00
1.059193522243655039e+00
1.080081106654094292e+00
1.101111247631460843e+00
1.122284867405097808e+00
1.143602860021766698e+00
1.165066091637037893e+00
1.186675400821608939e+00
1.208431598881487767e+00
1.230335470191025182e+00
1.252387772537775001e+00
1.274589237478211734e+00
1.296940570703345452e+00
1.319442452413316813e+00
1.342095537700089380e+00
1.364900456937348405e+00
1.387857816176813808e+00
1.410968197550139580e+00
1.434232159675631335e+00
1.457650238069070348e+00
1.481222945557897575e+00
1.504950772698125716e+00
1.528834188193300525e+00
1.552873639314914511e+00
1.577069552323692170e+00
1.601422332891179856e+00
1.625932366521128269e+00
1.650600018970164617e+00
1.675425636667295715e+00
1.700409547131781496e+00
1.725552059388995030e+00
1.750853464383852476e+00
1.776314035391468149e+00
1.801934028424695633e+00
1.827713682638231418e+00
1.853653220728990858e+00
1.879752849332504194e+00
1.906012759415059099e+00
1.932433126661376788e+00
1.959014111857616980e+00
1.985755861269507205e+00
2.012658507015441245e+00
2.039722167434386169e+00
2.066946947448447869e+00
2.094332938920008935e+00
2.121880221003282774e+00
2.149588860490229347e+00
2.177458912150747050e+00
2.205490419067050123e+00
2.233683412962205850e+00
2.262037914522779136e+00
2.290553933715540946e+00
2.319231470098237491e+00
2.348070513124389080e+00
2.377071042442124860e+00
2.406233028187056533e+00
2.435556431269209732e+00
2.465041203654008140e+00
2.494687288637383205e+00
2.524494621114977466e+00
2.554463127845547632e+00
2.584592727708561632e+00
2.614883331956062484e+00
2.645334844458843815e+00
2.675947161947002328e+00
2.706720174244918287e+00
2.737653764500732834e+00
2.768747809410402549e+00
2.800002179436377858e+00
2.831416739020996332e+00
2.862991346794670822e+00
2.894725855778924384e+00
2.926620113584385674e+00
2.958673962603789231e+00
2.990887240200106767e+00
3.023259778889839655e+00
3.055791406521601861e+00
3.088481946450062132e+00
3.121331217705312522e+00
3.154339035157779580e+00
3.187505209678743956e+00
3.220829548296563871e+00
3.254311854348676203e+00
3.287951927629471971e+00
3.321749564534129728e+00
3.355704558198488563e+00
3.389816698635045533e+00
3.424085772865155253e+00
3.458511565047528435e+00
3.493093856603111558e+00
3.527832426336390714e+00
3.562727050553278207e+00
3.597777503175560110e+00
3.632983555852090873e+00
3.668344976034194183e+00
3.703861535055689824e+00
3.739532996495254835e+00
3.775359123957858998e+00
3.811339679284438731e+00
3.847474422644828085e+00
3.883763112627889313e+00
3.920205506328922507e+00
3.956801359434444887e+00
3.993550426304372181e+00
4.030452460051686003e+00
4.067507212619657864e+00
4.104714434856679084e+00
4.142073876588763248e+00
4.179585286689799339e+00
4.217248413149564001e+00
4.255063003139625266e+00
4.293028803077144850e+00
4.331145558686621655e+00
4.369413015059700811e+00
4.407830916713024294e+00
4.446399007644199486e+00
4.485117031385991382e+00
4.523984731058694031e+00
4.563001849420803779e+00
4.602168128918006751e+00
4.641483311730553396e+00
4.680947139819018332e+00
4.720559354968556498e+00
4.760319698831628088e+00
4.800227912969305066e+00
4.840283738891129950e+00
4.880486918093635218e+00
4.920837192097495816e+00
4.961334302483410674e+00
5.001977990926716799e+00
5.042767999230784781e+00
5.083704069359223254e+00
5.124785943466939386e+00
5.166013363930058944e+00
5.207386073374787649e+00
5.248903814705223603e+00
5.290566331130088784e+00
5.332373366188543962e+00
5.374324663774989297e+00
5.416419968162955456e+00
5.458659024028050588e+00
5.501041576470089289e+00
5.543567371034304969e+00
5.586236153731777954e+00
5.629047671059017155e+00
5.672001670016805441e+00
5.715097898128289167e+00
5.758336103456276334e+00
5.801716034619891715e+00
5.845237440810509000e+00
5.888900071807036340e+00
5.932703677990509128e+00
5.976648010358113439e+00
6.020732820536578878e+00
6.064957860794950584e+00
6.109322884056840763e+00
6.153827643912106460e+00
6.198471894627959777e+00
6.243255391159620693e+00
6.288177889160411205e+00
6.333239144991410718e+00
6.378438915730583858e+00
6.423776959181497048e+00
6.469253033881577686e+00
6.514866899109931886e+00
6.560618314894800740e+00
6.606507042020497877e+00
6.652532842034119653e+00
6.698695477251742858e+00
6.744994710764321333e+00
6.791430306443225540e+00
6.838002028945436628e+00
6.884709643718412764e+00
6.931552917004602854e+00
6.978531615845747105e+00
7.025645508086756585e+00
7.072894362379400945e+00
7.120277948185638195e+00
7.167796035780786390e+00
7.215448396256300967e+00
7.263234801522406414e+00
7.311155024310422412e+00
7.359208838174893685e+00
7.407396017495466722e+00
7.455716337478572875e+00
7.504169574158856548e+00
7.552755504400452402e+00
7.601473905898049388e+00
7.650324557177722973e+00
7.699307237597643017e+00
7.748421727348580923e+00
7.797667807454211619e+00
7.847045259771332049e+00
7.896553866989833637e+00
7.946193412632570841e+00
7.995963681055072492e+00
8.045864457445119911e+00
8.095895527822161597e+00
8.146056679036609793e+00
8.196347698769049117e+00
8.246768375529230255e+00
8.297318498655045005e+00
8.347997858311329011e+00
8.398806245488588118e+00
8.449743452001564847e+00
8.500809270487795999e+00
8.552003494405983730e+00
8.603325918034316899e+00
8.654776336468714248e+00
8.706354545620946794e+00
8.758060342216712257e+00
8.809893523793597581e+00
8.861853888699016579e+00
8.913941236087984166e+00
8.966155365920947418e+00
9.018496078961435458e+00
9.070963176773716441e+00
9.123556461720356836e+00
9.176275736959752294e+00
9.229120806443571468e+00
9.282091474914176743e+00
9.335187547901972138e+00
9.388408831722717451e+00
9.441755133474790895e+00
9.495226261036403770e+00
9.548822023062793818e+00
9.602542228983343975e+00
9.656386688998706447e+00
9.710355214077850405e+00
9.764447615955107906e+00
9.818663707127173623e+00
9.873003300850076158e+00
9.927466211136128038e+00
9.982052252750825971e+00
1.003676124120977953e+01
1.009159299277553323e+01
1.014654732445445440e+01
1.020162405399354633e+01
1.025682299987725266e+01
1.031214398132425103e+01
1.036758681828424677e+01
1.042315133143470085e+01
1.047883734217758978e+01
1.053464467263617088e+01
1.059057314565163210e+01
1.064662258477988743e+01
1.070279281428819296e+01
1.075908365915193876e+01
1.081549494505125431e+01
1.087202649836771684e+01
1.092867814618102962e+01
1.098544971626570010e+01
1.104234103708768444e+01
1.109935193780107099e+01
1.115648224824473900e+01
1.121373179893899596e+01
1.127110042108227361e+01
1.132858794654777057e+01
1.138619420788009329e+01
1.144391903829195556e+01
1.150176227166082654e+01
1.155972374252558055e+01
1.161780328608320545e+01
1.167600073175033515e+01
1.173431592872348084e+01
1.179274870789155116e+01
1.185129890705058386e+01
1.190996636463814617e+01
1.196875091973001659e+01
1.202765241203688973e+01
1.208667068190109184e+01
1.214580557029334607e+01
1.220505691880940446e+01
1.226442456966693584e+01
1.232390836570212223e+01
1.238350815036651653e+01
1.244322376772377581e+01
1.250305506244644427e+01
1.256300187981276295e+01
1.262306406570341721e+01
1.268324146659839080e+01
1.274353392957377196e+01
1.280394130229858085e+01
1.286446343303158990e+01
1.292510017061827554e+01
1.298585136448757460e+01
1.304671686464876679e+01
1.310769652168847976e+01
1.316879018676745616e+01
1.322999771161757110e+01
1.329131894853871110e+01
1.335275375039570456e+01
1.341430197061534990e+01
1.347596346318330696e+01
1.353773808264110556e+01
1.359962568408319328e+01
1.366162612315386582e+01
1.372373925604432010e+01
1.378596493948974455e+01
1.384830303076625313e+01
1.391075338768812664e+01
1.397331586860470942e+01
1.403599033239765603e+01
1.409877663847791851e+01
1.416167464678297172e+01
1.422468421777391789e+01
1.428780521243257517e+01
1.435103749225876513e+01
1.441438091926741016e+01
1.447783535598574645e+01
1.454140066545058296e+01
1.460507671120543094e+01
1.466886335729789259e+01
1.473276046827677987e+01
1.479676790918943574e+01
1.486088554557906960e+01
1.492511324348199686e+01
1.498945086942494953e+01
1.505389829042251471e+01
1.511845537397432615e+01
1.518312198806253477e+01
1.524789800114916183e+01
1.531278328217347706e+01
1.537777770054942117e+01
1.544288112616300701e+01
1.550809342936978830e+01
1.557341448099225012e+01
1.563884415231739133e+01
1.570438231509406002e+01
1.577002884153057849e+01
1.583578360429212672e+01
1.590164647649841534e+01
1.596761733172109032e+01
1.603369604398140780e+01
1.609988248774767428e+01
1.616617653793293385e+01
1.623257806989253993e+01
1.629908695942173935e+01
1.636570308275334540e+01
1.643242631655531838e+01
1.649925653792849900e+01
