# h
2.971002025674708926e-04
2.978524292916651843e-04
2.986252475429512060e-04
2.994188296211716454e-04
3.002333417296030129e-04
3.010689439402368861e-04
3.019257901651098094e-04
3.028040281337227241e-04
3.037037993765742141e-04
3.046252392148187348e-04
3.055684767560394718e-04
3.065336348961150118e-04
3.075208303271380838e-04
3.085301735513341676e-04
3.095617689009073806e-04
3.106157145637316783e-04
3.116921026147854534e-04
3.127910190532210582e-04
3.139125438449398521e-04
3.150567509705383862e-04
3.162237084784742087e-04
3.174134785432924542e-04
3.186261175287427279e-04
3.198616760556054379e-04
3.211201990740422869e-04
3.224017259402725674e-04
3.237062904973746842e-04
3.250339211600040859e-04
3.263846410028144510e-04
3.277584678523644225e-04
3.291554143822897414e-04
3.305754882115173273e-04
3.320186920052966032e-04
3.334850235788214680e-04
3.349744760032192441e-04
3.364870377136790279e-04
3.380226926194976138e-04
3.395814202158211107e-04
3.411631956968623198e-04
3.427679900703793658e-04
3.443957702732048103e-04
3.460464992876149688e-04
3.477201362583417794e-04
3.494166366100262674e-04
3.511359521649250084e-04
3.528780312606842997e-04
3.546428188680026045e-04
3.564302567080119720e-04
3.582402833692105415e-04
3.600728344237929374e-04
3.619278425432239971e-04
3.638052376129169495e-04
3.657049468458791071e-04
3.676268948951990343e-04
3.695710039652537601e-04
3.715371939215262069e-04
3.735253823989265285e-04
3.755354849085223274e-04
3.775674149425858103e-04
3.796210840778790072e-04
3.816964020770998584e-04
3.837932769884209723e-04
3.859116152430632678e-04
3.880513217508466573e-04
3.902122999936722889e-04
3.923944521168930342e-04
3.945976790185395325e-04
3.968218804363701324e-04
3.990669550327204996e-04
4.013328004771360316e-04
4.036193135267722248e-04
4.059263901045551885e-04
4.082539253750976441e-04
4.106018138183706247e-04
4.129699493011372742e-04
4.153582251461536770e-04
4.177665341991524403e-04
4.201947688936218768e-04
4.226428213133997061e-04
4.251105832531045870e-04
4.275979462764269460e-04
4.301048017723075093e-04
4.326310410090332447e-04
4.351765551862785781e-04
4.377412354851289641e-04
4.403249731161184687e-04
4.429276593653175774e-04
4.455491856385111814e-04
4.481894435035030074e-04
4.508483247305853617e-04
4.535257213312186928e-04
4.562215255949575660e-04
4.589356301246672303e-04
4.616679278700740923e-04
4.644183121596892356e-04
4.671866767311508490e-04
4.699729157600277376e-04
4.727769238871258215e-04
4.755985962443410459e-04
4.784378284791028263e-04
4.812945167774480403e-04
4.841685578857692009e-04
4.870598491312784473e-04
4.899682884412287151e-04
4.928937743609331217e-04
4.958362060706213289e-04
4.987954834011753278e-04
5.017715068487817263e-04
5.047641775885391372e-04
5.077733974870598599e-04
5.107990691141014181e-04
5.138410957532641658e-04
5.168993814117924749e-04
5.199738308295117056e-04
5.230643494869363034e-04
5.261708436125822012e-04
5.292932201895158336e-04
5.324313869611700147e-04
5.355852524364603960e-04
5.387547258942277685e-04
5.419397173870403595e-04
5.451401377443803025e-04
5.483558985752435546e-04
5.515869122701802562e-04
5.548330920027997118e-04
5.580943517307665556e-04
5.613706061963104343e-04
5.646617709262764231e-04
5.679677622317324355e-04
5.712884972071627940e-04
5.746238937292643323e-04
5.779738704553655194e-04
5.813383468214920269e-04
5.847172430400938070e-04
5.881104800974533073e-04
5.915179797507942290e-04
5.949396645251047062e-04
5.983754577096942048e-04
6.018252833544981278e-04
6.052890662661454145e-04
6.087667320038048528e-04
6.122582068748236598e-04
6.157634179301694956e-04
6.192822929596930419e-04
6.228147604872203607e-04
6.263607497654870683e-04
6.299201907709277683e-04
6.334930141983290911e-04
6.370791514553581598e-04
6.406785346569772140e-04
6.442910966197507895e-04
6.479167708560598735e-04
6.515554915682244446e-04
6.552071936425513110e-04
6.588718126433069228e-04
6.625492848066290340e-04
6.662395470343805779e-04
6.699425368879543185e-04
6.736581925820342431e-04
6.773864529783208506e-04
6.811272575792249977e-04
6.848805465215361587e-04
6.886462605700710603e-04
6.924243411113083311e-04
6.962147301470108986e-04
7.000173702878465442e-04
7.038322047470019520e-04
7.076591773338060821e-04
7.114982324473549538e-04
7.153493150701497640e-04
7.192123707617475818e-04
7.230873456524311267e-04
7.269741864368953503e-04
7.308728403679609067e-04
7.347832552503116930e-04
7.387053794342587345e-04
7.426391618095387658e-04
7.465845517991439272e-04
7.505414993531847470e-04
7.545099549427931309e-04
7.584898695540624302e-04
7.624811946820290358e-04
7.664838823246941961e-04
7.704978849770922379e-04
7.745231556254009641e-04
7.785596477410996466e-04
7.826073152751747246e-04
7.866661126523720156e-04
7.907359947654999917e-04
7.948169169697816283e-04
7.989088350772598126e-04
8.030117053512503484e-04
8.071254845008513394e-04
8.112501296755027713e-04
8.153855984595996531e-04
8.195318488671615373e-04
8.236888393365507204e-04
8.278565287252514842e-04
8.320348763046986687e-04
8.362238417551651161e-04
8.404233851606999648e-04
8.446334670041263579e-04
8.488540481620916256e-04
8.530850899001743903e-04
8.573265538680445788e-04
8.615784020946811155e-04
8.658405969836450175e-04
8.701131013084033392e-04
8.743958782077131814e-04
8.786888911810565497e-04
8.829921040841336513e-04
8.873054811244037885e-04
8.916289868566881598e-04
8.959625861788211246e-04
9.003062443273555709e-04
9.046599268733234670e-04
9.090235997180478060e-04
9.133972290890046393e-04
9.177807815357425739e-04
9.221742239258495398e-04
9.265775234409724670e-04
9.309906475728856436e-04
9.354135641196144758e-04
9.398462411816031585e-04
9.442886471579374236e-04
9.487407507426129328e-04
9.532025209208508333e-04
9.576739269654689331e-04
9.621549384332919079e-04
9.666455251616135492e-04
9.711456572647046573e-04
9.756553051303691821e-04
9.801744394165416707e-04
9.847030310479339393e-04
9.892410512127268463e-04
9.937884713593031581e-04
9.983452631930262756e-04
1.002911398673063306e-03
1.007486850009249764e-03
1.012071589658995914e-03
1.016665590324236038e-03
1.021268824948419560e-03
1.025881266713541849e-03
1.030502889037215788e-03
1.035133665569784329e-03
1.039773570191469690e-03
1.044422577009564406e-03
1.049080660355660756e-03
1.053747794782914238e-03
1.058423955063349979e-03
1.063109116185201666e-03
1.067803253350288212e-03
1.072506341971429886e-03
1.077218357669893498e-03
1.081939276272877483e-03
1.086669073811030598e-03
1.091407726516005093e-03
1.096155210818040892e-03
1.100911503343585335e-03
1.105676580912948485e-03
1.110450420537982931e-03
1.115232999419803065e-03
1.120024294946533406e-03
1.124824284691085556e-03
1.129632946408968110e-03
1.134450258036128227e-03
1.139276197686818785e-03
1.144110743651497852e-03
1.148953874394756554e-03
1.153805568553275575e-03
1.158665804933808104e-03
1.163534562511194448e-03
1.168411820426398752e-03
1.173297557984575440e-03
1.178191754653163835e-03
1.183094390060006633e-03
1.188005443991493534e-03
1.192924896390732412e-03
1.197852727355744112e-03
1.202788917137683714e-03
1.207733446139083473e-03
1.212686294912121345e-03
1.217647444156913809e-03
1.222616874719831444e-03
1.227594567591834248e-03
1.232580503906837528e-03
1.237574664940090585e-03
1.242577032106584019e-03
1.247587586959478072e-03
1.252606311188546795e-03
1.257633186618650842e-03
1.262668195208226964e-03
1.267711319047796353e-03
1.272762540358497729e-03
1.277821841490636885e-03
1.282889204922255328e-03
1.287964613257720813e-03
1.293048049226336316e-03
1.298139495680963960e-03
1.303238935596673668e-03
1.308346352069404608e-03
1.313461728314646798e-03
1.318585047666139638e-03
1.323716293574590374e-03
1.328855449606404504e-03
1.334002499442438292e-03
1.339157426876763646e-03
1.344320215815454677e-03
1.349490850275382502e-03
1.354669314383035415e-03
1.359855592373344912e-03
1.365049668588536221e-03
1.370251527476987500e-03
1.375461153592106829e-03
1.380678531591224365e-03
1.385903646234495565e-03
1.391136482383826091e-03
1.396377025001800621e-03
1.401625259150634205e-03
1.406881169991134901e-03
1.412144742781675953e-03
1.417415962877187482e-03
1.422694815728157286e-03
1.427981286879643997e-03
1.433275361970307591e-03
1.438577026731447479e-03
1.443886266986054703e-03
1.449203068647878217e-03
1.454527417720499196e-03
1.459859300296420092e-03
1.465198702556167343e-03
1.470545610767398431e-03
1.475900011284029525e-03
1.481261890545365742e-03
1.486631235075246355e-03
1.492008031481205626e-03
1.497392266453632763e-03
1.502783926764952914e-03
1.508182999268814018e-03
1.513589470899284273e-03
1.519003328670059374e-03
1.524424559673681883e-03
1.529853151080766676e-03
1.535289090139239183e-03
1.540732364173583169e-03
1.546182960584095234e-03
1.551640866846149729e-03
1.557106070509474936e-03
1.562578559197435766e-03
1.568058320606323820e-03
1.573545342504664366e-03
1.579039612732517899e-03
1.584541119200804683e-03
1.590049849890627772e-03
1.595565792852608397e-03
1.601088936206230672e-03
1.606619268139189123e-03
1.612156776906748792e-03
1.617701450831114012e-03
1.623253278300797187e-03
1.628812247770007084e-03
1.634378347758033223e-03
1.639951566848643280e-03
1.645531893689488288e-03
1.651119316991513054e-03
1.656713825528374805e-03
1.662315408135863143e-03
1.667924053711340813e-03
1.673539751213174061e-03
1.679162489660183596e-03
1.684792258131090998e-03
1.690429045763982684e-03
1.696072841755771280e-03
1.701723635361665011e-03
1.707381415894649018e-03
1.713046172724966894e-03
1.718717895279608075e-03
1.724396573041806066e-03
1.730082195550539060e-03
1.735774752400034895e-03
1.741474233239285758e-03
1.747180627771566805e-03
1.752893925753958460e-03
1.758614116996876954e-03
1.764341191363609854e-03
1.770075138769853541e-03
1.775815949183262186e-03
1.781563612622995198e-03
1.787318119159276176e-03
1.793079458912951634e-03
1.798847622055054071e-03
1.804622598806381517e-03
1.810404379437063633e-03
1.816192954266146031e-03
1.821988313661178707e-03
1.827790448037797761e-03
1.833599347859327490e-03
1.839415003636377284e-03
1.845237405926441338e-03
1.851066545333510073e-03
1.856902412507683946e-03
