# mu
-inf
3.354553816416591872e+01
3.507976638777628153e+01
3.598879632316357657e+01
3.664157223037570077e+01
3.715372575700387614e+01
3.757676883425713754e+01
3.793818468594199089e+01
3.825438260152598247e+01
3.853595046651245326e+01
3.879012063628577778e+01
3.902205425421767160e+01
3.923556437580992906e+01
3.943354865676896992e+01
3.961826123858994464e+01
3.979149061026846823e+01
3.995467995459467403e+01
4.010901094942650502e+01
4.025546358276494630e+01
4.039485977680463691e+01
4.052789581178235068e+01
4.065516683295859934e+01
4.077718565321708866e+01
4.089439737436078559e+01
4.100719089585851407e+01
4.111590807404627412e+01
4.122085108509150331e+01
4.132228839871717696e+01
4.142045966598369944e+01
4.151557974986762645e+01
4.160784207305618310e+01
4.169742141731779839e+01
4.178447627893197591e+01
4.186915086214504811e+01
4.195157677548281328e+01
4.203187448259110681e+01
4.211015454908339706e+01
4.218651871891722749e+01
4.226106084756253267e+01
4.233386771426735606e+01
4.240501973177340034e+01
4.247459156866155183e+01
4.254265269694762708e+01
4.260926787546993921e+01
4.267449757791455056e+01
4.273839837293297705e+01
4.280102326266070634e+01
4.286242198499556366e+01
4.292264128420609381e+01
4.298172515378031733e+01
4.303971505487328386e+01
4.309665011324629802e+01
4.315256729719813222e+01
4.320750157865527541e+01
4.326148607930527845e+01
4.331455220341541690e+01
4.336672975877206682e+01
4.341804706699879546e+01
4.346853106435783332e+01
4.351820739400815086e+01
4.356710049057866030e+01
4.361523365781604866e+01
4.366262913998060924e+01
4.370930818758787950e+01
4.375529111802835303e+01
4.380059737153989374e+01
4.384524556295664866e+01
4.388925352961414461e+01
4.393263837575042885e+01
4.397541651370907800e+01
4.401760370221864349e+01
4.405921508199632797e+01
4.410026520889910273e+01
4.414076808482440839e+01
4.418073718654292747e+01
4.422018549262924125e+01
4.425912550864055817e+01
4.429756929068012994e+01
4.433552846746960086e+01
4.437301426104362179e+01
4.441003750616989976e+01
4.444660866858910708e+01
4.448273786216084602e+01
4.451843486499470259e+01
4.455370913463872284e+01
4.458856982239159805e+01
4.462302578679975085e+01
4.465708560639512825e+01
4.469075759172544338e+01
4.472404979672434422e+01
4.475697002946525060e+01
4.478952586233939570e+01
4.482172464169531878e+01
4.485357349697446239e+01
4.488507934937469201e+01
4.491624892007141057e+01
4.494708873802375138e+01
4.497760514739119486e+01
4.500780431458429121e+01
4.503769223497150165e+01
4.506727473926245864e+01
4.509655749958677973e+01
4.512554603528607799e+01
4.515424571843558965e+01
4.518266177911097259e+01
4.521079931041448674e+01
4.523866327327404946e+01
4.526625850102769277e+01
4.529358970380508254e+01
4.532066147271719103e+01
4.534747828386429092e+01
4.537404450217196228e+01
4.540036438506412964e+01
4.542644208598154876e+01
4.545228165775380802e+01
4.547788705583218416e+01
4.550326214139052183e+01
4.552841068430053895e+01
4.555333636598804503e+01
4.557804278217563621e+01
4.560253344551760790e+01
4.562681178813211602e+01
4.565088116403564555e+01
4.567474485148423469e+01
4.569840605522597343e+01
4.572186790866879846e+01
4.574513347596756319e+01
4.576820575403391445e+01
4.579108767447273465e+01
4.581378210544811225e+01
4.583629185348222279e+01
4.585861966518999111e+01
4.588076822895228446e+01
4.590274017653037220e+01
4.592453808462416021e+01
4.594616447637655199e+01
4.596762182282624565e+01
4.598891254431117659e+01
4.601003901182443911e+01
4.603100354832498908e+01
4.605180843000466950e+01
4.607245588751344911e+01
4.609294810714462187e+01
4.611328723198138846e+01
4.613347536300652507e+01
4.615351456017652509e+01
4.617340684346147839e+01
4.619315419385225141e+01
4.621275855433601976e+01
4.623222183084144632e+01
4.625154589315462772e+01
4.627073257580693166e+01
4.628978367893573420e+01
4.630870096911910139e+01
4.632748618018531772e+01
4.634614101399828456e+01
4.636466714121944221e+01
4.638306620204738095e+01
4.640133980693562421e+01
4.641948953728956440e+01
4.643751694614317671e+01
4.645542355881629248e+01
4.647321087355303604e+01
4.649088036214212849e+01
4.650843347051963406e+01
4.652587161935483095e+01
4.654319620461964746e+01
4.656040859814231681e+01
4.657751014814579094e+01
4.659450217977131103e+01
4.661138599558768192e+01
4.662816287608684718e+01
4.664483408016590005e+01
4.666140084559635426e+01
4.667786438948073879e+01
4.669422590869714895e+01
4.671048658033205925e+01
4.672664756210171788e+01
4.674270999276262728e+01
4.675867499251125992e+01
4.677454366337349967e+01
4.679031708958405034e+01
4.680599633795615944e+01
4.682158245824190601e+01
4.683707648348338637e+01
4.685247943035498963e+01
4.686779229949721071e+01
4.688301607584206465e+01
4.689815172893032980e+01
4.691320021322118805e+01
4.692816246839399241e+01
4.694303941964285798e+01
4.695783197796393438e+01
4.697254104043580014e+01
4.698716749049309271e+01
4.700171219819348067e+01
4.701617602047838318e+01
4.703055980142738690e+01
4.704486437250667308e+01
4.705909055281161102e+01
4.707323914930360331e+01
4.708731095704145986e+01
4.710130675940735046e+01
4.711522732832752780e+01
4.712907342448797010e+01
4.714284579754509252e+01
4.715654518633158432e+01
4.717017231905764163e+01
4.718372791350755335e+01
4.719721267723195979e+01
4.721062730773566329e+01
4.722397249266131780e+01
4.723724890996903980e+01
4.725045722811198345e+01
4.726359810620804325e+01
4.727667219420780498e+01
4.728968013305880902e+01
4.730262255486621115e+01
4.731550008304994037e+01
4.732831333249851724e+01
4.734106290971948283e+01
4.735374941298663032e+01
4.736637343248406751e+01
4.737893555044728089e+01
4.739143634130104488e+01
4.740387637179463098e+01
4.741625620113396877e+01
4.742857638111117069e+01
4.744083745623127868e+01
4.745303996383638179e+01
4.746518443422721134e+01
4.747727139078213554e+01
4.748930135007377373e+01
4.750127482198319484e+01
4.751319230981178521e+01
4.752505431039082850e+01
4.753686131418886873e+01
4.754861380541692739e+01
4.756031226213156060e+01
4.757195715633588406e+01
4.758354895407855167e+01
4.759508811555077301e+01
4.760657509518144792e+01
4.761801034173031866e+01
4.762939429837939542e+01
4.764072740282252028e+01
4.765201008735320443e+01
4.766324277895074601e+01
4.767442589936467812e+01
4.768555986519757539e+01
4.769664508798626912e+01
4.770768197428151325e+01
4.771867092572608016e+01
4.772961233913144952e+01
4.774050660655294109e+01
4.775135411536345487e+01
4.776215524832589665e+01
4.777291038366409737e+01
4.778361989513253860e+01
4.779428415208465708e+01
4.780490351953999806e+01
4.781547835824997605e+01
4.782600902476256266e+01
4.783649587148568116e+01
4.784693924674946430e+01
4.785733949486740357e+01
4.786769695619631193e+01
4.787801196719526331e+01
4.788828486048341659e+01
4.789851596489683061e+01
4.790870560554419200e+01
4.791885410386163358e+01
4.792896177766646559e+01
4.793902894121004721e+01
4.794905590522964900e+01
4.795904297699939889e+01
4.796899046038036829e+01
4.797889865586975588e+01
4.798876786064916189e+01
4.799859836863208074e+01
4.800839047051056241e+01
4.801814445380097141e+01
4.802786060288909198e+01
4.803753919907431680e+01
4.804718052061316769e+01
4.805678484276201345e+01
4.806635243781909139e+01
4.807588357516578981e+01
4.808537852130723422e+01
4.809483753991215593e+01
4.810426089185214948e+01
4.811364883524019831e+01
4.812300162546861060e+01
4.813231951524625174e+01
4.814160275463521543e+01
4.815085159108684820e+01
4.816006626947722680e+01
4.816924703214191084e+01
4.817839411891033308e+01
4.818750776713939388e+01
4.819658821174669328e+01
4.820563568524311648e+01
4.821465041776490068e+01
4.822363263710518311e+01
4.823258256874506600e+01
4.824150043588413439e+01
4.825038645947051918e+01
4.825924085823043441e+01
4.826806384869727395e+01
4.827685564524024642e+01
4.828561646009252684e+01
4.829434650337895363e+01
4.830304598314333475e+01
4.831171510537528491e+01
4.832035407403660798e+01
4.832896309108737398e+01
4.833754235651144882e+01
4.834609206834170436e+01
4.835461242268485194e+01
4.836310361374582101e+01
4.837156583385181818e+01
4.837999927347597406e+01
4.838840412126067747e+01
4.839678056404046913e+01
4.840512878686467246e+01
4.841344897301962646e+01
4.842174130405055621e+01
4.843000595978322309e+01
4.843824311834507057e+01
4.844645295618620651e+01
4.845463564810002310e+01
4.846279136724342607e+01
4.847092028515690032e+01
4.847902257178415653e+01
4.848709839549154310e+01
4.849514792308713851e+01
4.850317131983962327e+01
4.851116874949676827e+01
4.851914037430375970e+01
4.852708635502114731e+01
4.853500685094264355e+01
4.854290201991256026e+01
4.855077201834305356e+01
4.855861700123108449e+01
4.856643712217515230e+01
4.857423253339177194e+01
4.858200338573172417e+01
4.858974982869607828e+01
4.859747201045194487e+01
4.860517007784805799e+01
4.861284417643008737e+01
4.862049445045576590e+01
4.862812104290976833e+01
4.863572409551842668e+01
4.864330374876420393e+01
4.865086014189991204e+01
4.865839341296288012e+01
4.866590369878875322e+01
4.867339113502518444e+01
4.868085585614538502e+01
4.868829799546134751e+01
4.869571768513699794e+01
4.870311505620113479e+01
4.871049023856016902e+01
4.871784336101073620e+01
4.872517455125204577e+01
4.873248393589816629e+01
4.873977164049008337e+01
4.874703778950758704e+01
4.875428250638103123e+01
4.876150591350290142e+01
4.876870813223924728e+01
4.877588928294095894e+01
4.878304948495486570e+01
4.879018885663472105e+01
4.879730751535202415e+01
4.880440557750667097e+01
4.881148315853753417e+01
4.881854037293280868e+01
4.882557733424029323e+01
4.883259415507751555e+01
4.883959094714166582e+01
4.884656782121953711e+01
4.885352488719718167e+01
4.886046225406950327e+01
4.886738002994978558e+01
4.887427832207898604e+01
4.888115723683498004e+01
4.888801687974164167e+01
4.889485735547788181e+01
4.890167876788648016e+01
4.890848121998281783e+01
4.891526481396359571e+01
4.892202965121526859e+01
4.892877583232257166e+01
4.893550345707672733e+01
4.894221262448374432e+01
4.894890343277246814e+01
4.895557597940261019e+01
4.896223036107261350e+01
4.896886667372749002e+01
