# rs_dv
inf
3.260755452733019144e+00
1.633178727559436716e+00
1.090693878930045324e+00
8.194821467550736926e-01
6.567797704762471378e-01
5.483321561150593659e-01
4.708873287151562614e-01
4.128192954589320895e-01
3.676691667117288342e-01
3.315616044442627475e-01
3.020304806107341755e-01
2.774317063417511275e-01
2.566270630517218931e-01
2.388035345034237311e-01
2.233649060496621652e-01
2.098640141619797783e-01
1.979589078928472579e-01
1.873836231860264434e-01
1.779281863541233022e-01
1.694246165147403338e-01
1.617369273322900036e-01
1.547538555590460829e-01
1.483834864799402631e-01
1.425492229974390512e-01
1.371867221372054246e-01
1.322415385150343403e-01
1.276672914787351232e-01
1.234242250061573648e-01
1.194780655560868238e-01
1.157991083496121842e-01
1.123614805008244233e-01
1.091425423109997211e-01
1.061223974188008623e-01
1.032834893949091254e-01
1.006102674921465767e-01
9.808890810413785355e-02
9.570708139300829198e-02
9.345375476546022298e-02
9.131902658337248679e-02
8.929398481783934471e-02
8.737058638797316756e-02
8.554155373697365505e-02
8.380028583936141584e-02
8.214078134347653493e-02
8.055757196150320487e-02
7.904566454758615857e-02
7.760049057004081430e-02
7.621786189932799882e-02
7.489393200951759144e-02
7.362516183533301950e-02
7.240828964575524163e-02
7.124030439347910082e-02
7.011842208113101826e-02
6.904006475317256419e-02
6.800284177929923068e-02
6.700453314288569440e-02
6.604307448823504290e-02
6.511654371435263156e-02
6.422314893175266881e-02
6.336121762326914209e-02
6.252918687070323223e-02
6.172559452696517457e-02
6.094907122865317328e-02
6.019833315714376298e-02
5.947217546758336304e-02
5.876946631494177342e-02
5.808914141474800369e-02
5.743019908346809477e-02
5.679169570986629390e-02
5.617274161425306334e-02
5.557249725737914425e-02
5.499016976498517784e-02
5.442500973774088563e-02
5.387630831958070687e-02
5.334339450032261898e-02
5.282563263099467055e-02
5.232242013253612239e-02
5.183318538052365115e-02
5.135738575032899184e-02
5.089450580867539708e-02
5.044405563894493322e-02
5.000556928882433222e-02
4.957860332997555269e-02
4.916273552040095751e-02
4.875756356105043904e-02
4.836270393900422154e-02
4.797779085027070040e-02
4.760247519587059578e-02
4.723642364544823613e-02
4.687931776316259236e-02
4.653085319107172491e-02
4.619073888564085434e-02
4.585869640337990327e-02
4.553445923195637013e-02
4.521777216343696865e-02
4.490839070659038978e-02
4.460608053543648616e-02
4.431061697145684958e-02
4.402178449709062691e-02
4.373937629832938545e-02
4.346319383439797845e-02
4.319304643266612398e-02
4.292875090707976710e-02
4.267013119853197561e-02
4.241701803571459872e-02
4.216924861510098349e-02
4.192666629881133811e-02
4.168912032920464583e-02
4.145646555912585463e-02
4.122856219681462348e-02
4.100527556455380029e-02
4.078647587020146209e-02
4.057203799081078588e-02
4.036184126759776586e-02
4.015576931156848023e-02
3.995370981916452485e-02
3.975555439732961910e-02
3.956119839744006578e-02
3.937054075757994570e-02
3.918348385267576145e-02
3.899993335203767730e-02
3.881979808388402731e-02
3.864298990645325532e-02
3.846942358533270850e-02
3.829901667665788767e-02
3.813168941585699107e-02
3.796736461163671694e-02
3.780596754492357436e-02
3.764742587249331196e-02
3.749166953503682564e-02
3.733863066942667147e-02
3.718824352496227781e-02
3.704044438338572470e-02
3.689517148247133116e-02
3.675236494300543333e-02
3.661196669898191675e-02
3.647392043085025820e-02
3.633817150166207544e-02
3.620466689597051646e-02
3.607335516134574371e-02
3.594418635237720677e-02
3.581711197704041255e-02
3.569208494531340287e-02
3.556905951993364484e-02
3.544799126919267324e-02
3.532883702167120832e-02
3.521155482282268406e-02
3.509610389331817987e-02
3.498244458907028009e-02
3.487053836285804176e-02
3.476034772747878948e-02
3.465183622035714756e-02
3.454496836954443900e-02
3.443970967376733944e-02
3.433602652093459273e-02
3.423388623191286201e-02
3.413325698293162569e-02
3.403410778960943434e-02
3.393640848008172561e-02
3.384012966914022591e-02
3.374524273334025132e-02
3.365171978703394157e-02
3.355953365929009724e-02
3.346865787166265760e-02
3.337906661677194492e-02
3.329073473766448049e-02
3.320363770791899538e-02
3.311775161246722360e-02
3.303305312910038288e-02
3.294951951063274098e-02
3.286712856769573310e-02
3.278585865213679007e-02
3.270568864099857032e-02
3.262659792105518375e-02
3.254856637388324481e-02
3.247157436144629955e-02
3.239560271217264975e-02
3.232063270750682588e-02
3.224664606891643887e-02
3.217362494533660550e-02
3.210155190103498868e-02
3.203040990388130588e-02
3.196018231400588744e-02
3.189085287283220660e-02
3.182240569246964912e-02
3.175482524545247820e-02
3.168809635481235898e-02
3.162220418447179299e-02
3.155713422994664563e-02
3.149287230934640774e-02
3.142940455466097099e-02
3.136671740332381414e-02
3.130479759004138607e-02
3.124363213887886015e-02
3.118320835559326362e-02
3.112351382020513146e-02
3.106453637979996601e-02
3.100626414155146018e-02
3.094868546595868491e-02
3.089178896028966712e-02
3.083556347222402710e-02
3.077999808368800383e-02
3.072508210487491856e-02
3.067080506844485632e-02
3.061715672389726806e-02
3.056412703211066825e-02
3.051170616004381803e-02
3.045988447559268633e-02
3.040865254259811357e-02
3.035800111599911214e-02
3.030792113712683922e-02
3.025840372913461696e-02
3.020944019255945162e-02
3.016102200101083639e-02
3.011314079698245924e-02
3.006578838778292684e-02
3.001895674158161151e-02
2.997263798356585712e-02
2.992682439220601884e-02
2.988150839562464522e-02
2.983668256806683988e-02
2.979233962646829839e-02
2.974847242711786688e-02
2.970507396241204093e-02
2.966213735769784518e-02
2.961965586820210564e-02
2.957762287604369725e-02
2.953603188732671636e-02
2.949487652931174000e-02
2.945415054766290300e-02
2.941384780376854122e-02
2.937396227213286831e-02
2.933448803783695463e-02
2.929541929406635770e-02
2.925675033970397826e-02
2.921847557698566827e-02
2.918058950921713010e-02
2.914308673854981713e-02
2.910596196381460762e-02
2.906920997841105567e-02
2.903282566825093891e-02
2.899680400975426786e-02
2.896114006789633072e-02
2.892582899430429927e-02
2.889086602540189355e-02
2.885624648060070019e-02
2.882196576053689882e-02
2.878801934535200197e-02
2.875440279301640784e-02
2.872111173769438877e-02
2.868814188814966526e-02
2.865548902618999388e-02
2.862314900515007532e-02
2.859111774841135295e-02
2.855939124795796313e-02
2.852796556296761238e-02
2.849683681843652450e-02
2.846600120383746546e-02
2.843545497180999596e-02
2.840519443688196977e-02
2.837521597422148351e-02
2.834551601841846930e-02
2.831609106229500752e-02
2.828693765574377683e-02
2.825805240459368026e-02
2.822943196950200573e-02
2.820107306487247903e-02
2.817297245779832107e-02
2.814512696702990702e-02
2.811753346196609049e-02
2.809018886166888065e-02
2.806309013390043128e-02
2.803623429418232796e-02
2.800961840487595569e-02
2.798323957428398151e-02
2.795709495577191825e-02
2.793118174690960298e-02
2.790549718863184758e-02
2.788003856441796310e-02
2.785480319948941894e-02
2.782978846002546677e-02
2.780499175239601120e-02
2.778041052241151179e-02
2.775604225458922977e-02
2.773188447143572904e-02
2.770793473274489951e-02
2.768419063491134660e-02
2.766064981025868202e-02
2.763730992638221973e-02
2.761416868550602144e-02
2.759122382385363267e-02
2.756847311103228712e-02
2.754591434943037820e-02
2.752354537362756981e-02
2.750136404981759139e-02
2.747936827524309969e-02
2.745755597764254138e-02
2.743592511470856199e-02
2.741447367355783621e-02
2.739319967021184785e-02
2.737210114908860542e-02
2.735117618250479041e-02
2.733042287018824096e-02
2.730983933880053172e-02
2.728942374146921257e-02
2.726917425732985553e-02
2.724908909107718463e-02
2.722916647252555250e-02
2.720940465617829873e-02
2.718980192080567432e-02
2.717035656903144664e-02
2.715106692692777907e-02
2.713193134361811462e-02
2.711294819088815727e-02
2.709411586280448259e-02
2.707543277534079848e-02
2.705689736601151613e-02
2.703850809351268647e-02
2.702026343736986178e-02
2.700216189759294810e-02
2.698420199433781280e-02
2.696638226757443538e-02
2.694870128666322293e-02
2.693115761064435176e-02
2.691374984669359788e-02
2.689647661084630659e-02
2.687933653738681580e-02
2.686232827855327202e-02
2.684545050424806678e-02
2.682870190175389372e-02
2.681208117545490904e-02
2.679558704656363408e-02
2.677921825285243737e-02
2.676297354839061310e-02
2.674685170328612582e-02
2.673085150343212923e-02
2.671497175025839763e-02
2.669921126048725724e-02
2.668356886589412502e-02
2.666804341307242587e-02
2.665263376320288133e-02
2.663733879182698591e-02
2.662215738862475783e-02
2.660708845719636506e-02
2.659213091484795982e-02
2.657728369238130869e-02
2.656254573388709683e-02
2.654791599654227063e-02
2.653339345041073188e-02
2.651897707824791076e-02
2.650466587530857579e-02
2.649045884915821394e-02
2.647635501948782458e-02
2.646235341793192961e-02
2.644845308788976862e-02
2.643465308434980038e-02
2.642095247371722272e-02
2.640735033364445192e-02
2.639384575286478699e-02
2.638043783102868300e-02
2.636712567854322675e-02
2.635390841641409646e-02
2.634078517609052955e-02
2.632775509931274335e-02
2.631481733796216249e-02
2.630197105391413048e-02
2.628921541889322339e-02
2.627654961433094002e-02
2.626397283122599430e-02
2.625148427000670651e-02
2.623908314039615983e-02
2.622676866127911580e-02
2.621454006057164984e-02
2.620239657509276093e-02
2.619033745043811146e-02
2.617836194085598062e-02
2.616646930912530644e-02
2.615465882643560475e-02
2.614292977226914325e-02
2.613128143428480529e-02
2.611971310820408038e-02
2.610822409769881017e-02
2.609681371428085317e-02
2.608548127719355694e-02
2.607422611330494425e-02
2.606304755700279696e-02
2.605194495009117983e-02
2.604091764168903200e-02
2.602996498812999021e-02
2.601908635286418608e-02
2.600828110636139653e-02
2.599754862601585600e-02
2.598688829605251896e-02
2.597629950743504321e-02
2.596578165777488345e-02
2.595533415124215426e-02
2.594495639847779062e-02
2.593464781650701989e-02
2.592440782865437776e-02
2.591423586445992799e-02
