# firecrown_theory
3.386270107896535129e-10
2.250543861780286544e-10
1.499029452372535277e-10
1.081380585361143062e-10
7.212317020800685635e-11
4.634071691900165891e-11
5.098295339394983956e-10
3.390856284519793435e-10
2.285830680234231322e-10
1.673775959616215367e-10
1.140302579620756685e-10
7.509353759281569986e-11
6.123014204319993792e-10
4.046271860119259221e-10
2.724403702499550451e-10
2.000128535761160471e-10
1.371874333078380096e-10
9.118604623322444219e-11
6.676213018571953382e-10
4.393042705695396694e-10
2.951533711575312977e-10
2.166997052828909774e-10
1.489077511727879811e-10
9.933589502857511419e-11
9.257723929328913838e-10
6.097421311816616079e-10
4.137808150273375989e-10
3.074646818050767939e-10
2.148185766578806710e-10
1.458412755518219091e-10
1.192969817295426789e-09
7.782504847000157806e-10
5.264337002211234222e-10
3.919845955956784239e-10
2.757364052603524950e-10
1.892029447410459818e-10
1.316584276313056097e-09
8.557700688670329811e-10
5.779272620051142227e-10
4.304665793727236390e-10
3.033951893515772887e-10
2.088796817491433307e-10
1.714239715514307755e-09
1.098698776083144377e-09
7.354887092411295681e-10
5.468751335375093333e-10
3.868160451462770942e-10
2.687075811686626582e-10
1.991618091222916810e-09
1.267399355490369736e-09
8.439574056888988333e-10
6.264275400740675909e-10
4.434023123950153762e-10
3.090870219030839156e-10
2.387819308218351973e-09
1.505753259586531022e-09
9.949458107569851459e-10
7.361384638112907848e-10
5.208368862196722423e-10
3.642063280474588947e-10
