# firecrown_data
9.384190266285270059e-11
8.564038183240403317e-11
9.437691273239242462e-11
1.135391070243965656e-10
1.056868449479817844e-10
5.041432910034243824e-11
4.451076083692598785e-10
1.198582207280061228e-10
1.413294866671974896e-10
2.201857359243220327e-10
8.604720909749140428e-11
5.957516189999638579e-11
4.746132778964207751e-10
4.599812906359835582e-10
2.299666600248499462e-10
1.402298349123607877e-10
1.964722768966417764e-10
5.950799334932900454e-11
4.039739700075276597e-10
3.156660579963966911e-10
3.138798507766934469e-10
1.597308724339825442e-10
1.320681566053778548e-10
7.560298443966473849e-11
8.693027941748668957e-10
5.545655232832937577e-10
4.467398159320672724e-10
2.613898020966262667e-10
2.130657448262322947e-10
8.797377331136387001e-11
1.369280745140690974e-09
7.287915041943023092e-10
4.858588031714007961e-10
4.704976278196442062e-10
2.603186760403923899e-10
2.209266292202272406e-10
1.074421477336731415e-09
1.058743269410428977e-09
4.829626132529940512e-10
4.656968169448394829e-10
2.705747134001395765e-10
1.619396377895743734e-10
1.782714594618387913e-09
1.064086875711776127e-09
6.840829065741173592e-10
6.323409050060828889e-10
3.906593806324180444e-10
3.659550428132467709e-10
2.210019547160484633e-09
1.529449192385307684e-09
9.374662335817290974e-10
6.743382552393097121e-10
4.698700148557141789e-10
3.491686941375584590e-10
2.343428518723713323e-09
1.887190967829564051e-09
1.123567301449066005e-09
9.898682747259675569e-10
5.010675779941786056e-10
4.915069487471776295e-10
