# firecrown_theory
1.341110526805777894e-05
1.070987104307579911e-05
8.557724795967440036e-06
6.870252064387558089e-06
5.548448414751238359e-06
4.493103685206612451e-06
3.637453315322842014e-06
2.930026281519922635e-06
2.336742666318621589e-06
2.804329637652540867e-06
2.289591777492203001e-06
1.862918068796507102e-06
1.518587585583329273e-06
1.244481516593269265e-06
1.026990614961256522e-06
8.525946825145235763e-07
7.102549859594268887e-07
2.002773009134749919e-05
1.605268034862363471e-05
1.290740303927100140e-05
1.043716061147045835e-05
8.481059844223485004e-06
6.889117399739289448e-06
5.572141848418058781e-06
4.464727492746254653e-06
3.526448056955908516e-06
4.220789190126340322e-06
3.439635684885389056e-06
2.807238153772100396e-06
2.304109406309417449e-06
1.904825021513022216e-06
1.585571801846650086e-06
1.325205973136628740e-06
1.107451057360974105e-06
3.586212105113302853e-05
2.900332838691743075e-05
2.355703546965255647e-05
1.921484733685469945e-05
1.569206691116118360e-05
1.273760217115247373e-05
1.023233626745739590e-05
8.092988718791754946e-06
6.272859428399727029e-06
7.573518465671668283e-06
6.197376891804293653e-06
5.107419894503018949e-06
4.245732702080263257e-06
3.554653043965851821e-06
2.988045492760831123e-06
2.509838177630706223e-06
2.095514288887033488e-06
2.419495930243390573e-05
1.945311016746256329e-05
1.568401025225786184e-05
1.270245563993292002e-05
1.032060873720898056e-05
8.362933508133529672e-06
6.732394357371374692e-06
5.358088179342929755e-06
4.196271647789033339e-06
5.098339956920868442e-06
4.167352103777781766e-06
3.415974233467304276e-06
2.816730697878904611e-06
2.337415102455761531e-06
1.949573809570043968e-06
1.629011228272506018e-06
1.357345019178844282e-06
4.647318779937527404e-05
3.775982790879726611e-05
3.078005919732120546e-05
2.515182043678397083e-05
2.052986062997948937e-05
1.660832966794253932e-05
1.326120096560106579e-05
1.039965434054028642e-05
7.973242774470609497e-06
9.785794399485576973e-06
8.047618751777697136e-06
6.672954637256486638e-06
5.580644045193732513e-06
4.692763524451225906e-06
3.953123463263306531e-06
3.318038938450742485e-06
2.760874638800444244e-06
6.676911679907613175e-05
5.460058721495713273e-05
4.467361463260151203e-05
3.651560351188723946e-05
2.970016955541606051e-05
2.384016193392866058e-05
1.881445507010125082e-05
1.452999498116618121e-05
1.093334177935166016e-05
1.396932825850485878e-05
1.159790837484418654e-05
9.711783265384801655e-06
8.188285560522118040e-06
6.918163516027088431e-06
5.830191203484861200e-06
4.874982738393020509e-06
4.025634904535568375e-06
2.663460624266165841e-05
2.144522254853056719e-05
1.730562414370911563e-05
1.401722133904781653e-05
1.137889735620941509e-05
9.201176258671602418e-06
7.384059198779626663e-06
5.852950230369593295e-06
4.562040833350236163e-06
5.609949973312569742e-06
4.595171170815510499e-06
3.775687410654280414e-06
3.120005511053710749e-06
2.592466443006098730e-06
2.162754635924100391e-06
1.805544112114539230e-06
1.499895636190096298e-06
5.187362860953775065e-05
4.221249068345305216e-05
3.444724285509800807e-05
2.815945562656134747e-05
2.297387831473935755e-05
1.855923972945576527e-05
1.478395380354248189e-05
1.155619449179322605e-05
8.824265277273726833e-06
1.091129804872531574e-05
8.989985623961841010e-06
7.470868153523031732e-06
6.260006974864075553e-06
5.271200354435118964e-06
4.442274944830162137e-06
3.726704434321250827e-06
3.096314014759378715e-06
7.823163613456148024e-05
6.410711887437986413e-05
5.249366898997925846e-05
4.287999705772272839e-05
3.480280932380865045e-05
2.783319324629190622e-05
2.185323892275536852e-05
1.676698735156645763e-05
1.251820924583088027e-05
1.632891995434260685e-05
1.360991946811799997e-05
1.143842027196737514e-05
9.668710826138147215e-06
8.177997757992166647e-06
6.887704845433595987e-06
5.746926557227555899e-06
4.726467881231091168e-06
9.439535667670789678e-05
7.751991567394737924e-05
6.350399337565471568e-05
5.179669156275905464e-05
4.190384180787347807e-05
3.333771648737421443e-05
2.599012532937526213e-05
1.977103220733887812e-05
1.461045159441679323e-05
1.964420711389715249e-05
1.645777982760048282e-05
1.389268354207968526e-05
1.177578413451827428e-05
9.965819865513771968e-06
8.382176164299846608e-06
6.971687841621357890e-06
5.697245696767217049e-06
