# d_l
0.000000000000000000e+00
6.592709448379847004e+01
1.333478534301792706e+02
2.022383616337770604e+02
2.725747892295436259e+02
3.443334124437326409e+02
4.174906334393161274e+02
4.920229992252685634e+02
5.679072196056159783e+02
6.451201841502482921e+02
7.236389781754421620e+02
8.034408977276131054e+02
8.845034635691005178e+02
9.668044341697519712e+02
1.050321817712585471e+03
1.135033883126073761e+03
1.220919170159334499e+03
1.307956498520028617e+03
1.396124976097731860e+03
1.485404006298305831e+03
1.575773294517081467e+03
1.667212853780609294e+03
1.759703009588436089e+03
1.853224403987590904e+03
1.947757998913580195e+03
2.043285078832320778e+03
2.139787252718000218e+03
2.237246455402031643e+03
2.335644948328316332e+03
2.434965319749808259e+03
2.535190484401037338e+03
2.636303682680746988e+03
2.738288479378055854e+03
2.841128761974872305e+03
2.944808738556338540e+03
3.049312935360130268e+03
3.154626193994372898e+03
3.260733668352858331e+03
3.367620821255085048e+03
3.475273420837446793e+03
3.583677536720699663e+03
3.692819535977668693e+03
3.802686078923838068e+03
3.913264114752349997e+03
4.024540877033690776e+03
4.136503879099166625e+03
4.249140909326099973e+03
4.362440026341568228e+03
4.476389554160385160e+03
4.590978077271975963e+03
4.706194435689720194e+03
4.822027719975417313e+03
4.938467266250514513e+03
5.055502651204859831e+03
5.173123687112848529e+03
5.291320416866028609e+03
5.410083109030435480e+03
5.529402252936176410e+03
5.649268553806059572e+03
5.769672927929475918e+03
5.890606497887027217e+03
6.012060587830827899e+03
6.134026718824926320e+03
6.256496604249702614e+03
6.379462145273610986e+03
6.502915426395270515e+03
6.626848711058421031e+03
6.751254437341894118e+03
6.876125213726399124e+03
7.001453814939578479e+03
7.127233177880519179e+03
7.253456397624605415e+03
7.380116723509279836e+03
7.507207555301189132e+03
7.634722439444866723e+03
7.762655065392857068e+03
7.890999262017228830e+03
8.019748994102019424e+03
8.148898358916098914e+03
8.278441582865963937e+03
8.408373018227519424e+03
8.538687139956165993e+03
8.669378542574177118e+03
8.800441937134331965e+03
8.931872148258777088e+03
9.063664111251908253e+03
9.195812869286080968e+03
9.328313570658914614e+03
9.461161466120907789e+03
9.594351906271995176e+03
9.727880339025778085e+03
9.861742307140024423e+03
9.995933445812024729e+03
1.013044948033754736e+04
1.026528622383181937e+04
1.040043957501130171e+04
1.053590551603480162e+04
1.067168011040249621e+04
1.080775950091157574e+04
1.094413990766710594e+04
1.108081762614670151e+04
1.121778902531775748e+04
1.135505054580587057e+04
1.149259869811311000e+04
1.163043006088497350e+04
1.176854127922457883e+04
1.190692906305301221e+04
1.204559018551454756e+04
1.218452148142547412e+04
1.232371984576547402e+04
1.246318223221032167e+04
1.260290565170475384e+04
1.274288717107449156e+04
1.288312391167625901e+04
1.302361304808475325e+04
1.316435180681556631e+04
1.330533746508304102e+04
1.344656734959202367e+04
1.358803883536266585e+04
1.372974934458721145e+04
1.387169634551795207e+04
1.401387735138544485e+04
1.415628991934608712e+04
1.429893164945824174e+04
1.444180018368611491e+04
1.458489320493051855e+04
1.472820843608581163e+04
1.487174363912226181e+04
1.501549661419299991e+04
1.515946519876502862e+04
1.530364726677342696e+04
1.544804072779811941e+04
1.559264352626268374e+04
1.573745364065435206e+04
1.588246908276475006e+04
1.602768789695072883e+04
1.617310815941466899e+04
1.631872797750373866e+04
1.646454548902757233e+04
1.661055886159375586e+04
1.675676629196071372e+04
1.690316600540739819e+04
1.704975625511938415e+04
1.719653532159079259e+04
1.734350151204170106e+04
1.749065315985049892e+04
1.763798862400086000e+04
1.778550628854277238e+04
1.793320456206737435e+04
1.808108187719510897e+04
1.822913669007682620e+04
1.837736747990750882e+04
1.852577274845220745e+04
1.867435101958388623e+04
1.882310083883280095e+04
1.897202077294709306e+04
1.912110940946434494e+04
1.927036535629366335e+04
1.941978724130810951e+04
1.956937371194712978e+04
1.971912343482875076e+04
1.986903509537116042e+04
2.001910739742356600e+04
2.016933906290596860e+04
2.031972883145758533e+04
2.047027546009381331e+04
2.062097772287133921e+04
2.077183441056128140e+04
2.092284433033008099e+04
2.107400630542798172e+04
2.122531917488485124e+04
2.137678179321315474e+04
2.152839303011788797e+04
2.168015177021328782e+04
2.183205691274615674e+04
2.198410737132551367e+04
2.213630207365858951e+04
2.228863996129284715e+04
2.244111998936386954e+04
2.259374112634909034e+04
2.274650235382702522e+04
2.289940266624205469e+04
2.305244107067441291e+04
2.320561658661542606e+04
2.335892824574772385e+04
2.351237509173040598e+04
2.366595617998891976e+04
2.381967057750963431e+04
2.397351736263891507e+04
2.412749562488662195e+04
2.428160446473389675e+04
2.443584299344512692e+04
2.459021033288403487e+04
2.474470561533367436e+04
2.489932798332033053e+04
2.505407658944123250e+04
2.520895059619587482e+04
2.536394917582098424e+04
2.551907151012894610e+04
2.567431679034967237e+04
2.582968421697576923e+04
2.598517299961093886e+04
2.614078235682157901e+04
2.629651151599144578e+04
2.645235971317928488e+04
2.660832619297945712e+04
2.676441020838544864e+04
2.692061102065601517e+04
2.707692789918423296e+04
2.723336012136913996e+04
2.738990697248992728e+04
2.754656774558270263e+04
2.770334174131973850e+04
2.786022826789111423e+04
2.801722664088865713e+04
2.817433618319231027e+04
2.833155622485862114e+04
2.848888610301144217e+04
2.864632516173487602e+04
2.880387275196814517e+04
2.896152823140261535e+04
2.911929096438079796e+04
2.927716032179727335e+04
2.943513568100147677e+04
2.959321642570245967e+04
2.975140194587536826e+04
2.990969163766967176e+04
3.006808490331925714e+04
3.022658115105409161e+04
3.038517979501355876e+04
3.054388025516145353e+04
3.070268195720261429e+04
3.086158433250088638e+04
3.102058681799882834e+04
3.117968885613883685e+04
3.133888989478559233e+04
3.149818938715005788e+04
3.165758679171483527e+04
3.181708157216082691e+04
3.197667319729521478e+04
3.213636114098082180e+04
3.229614488206664100e+04
3.245602390431961612e+04
3.261599769635770645e+04
3.277606575158406486e+04
3.293622756812235457e+04
3.309648264875331370e+04
3.325683050085233117e+04
3.341727063632808859e+04
3.357780257156239531e+04
3.373842582735092583e+04
3.389913992884503386e+04
3.405994440549462888e+04
3.422083879099191108e+04
3.438182262321609596e+04
3.454289544417915749e+04
3.470405679997245898e+04
3.486530624071414786e+04
3.502664332049757650e+04
3.518806759734066873e+04
3.534957863313582493e+04
3.551117599360094755e+04
3.567285924823117966e+04
3.583462797025140026e+04
3.599648173656948347e+04
3.615842012773046736e+04
3.632044272787130467e+04
3.648254912467638496e+04
3.664473890933387884e+04
3.680701167649266426e+04
3.696936702421995869e+04
3.713180455395972967e+04
3.729432387049165845e+04
3.745692458189075114e+04
3.761960629948772839e+04
3.778236863782986620e+04
3.794521121464252792e+04
3.810813365079135838e+04
3.827113557024492184e+04
3.843421660003809666e+04
3.859737637023587740e+04
3.876061451389780996e+04
3.892393066704300145e+04
3.908732446861561766e+04
3.925079556045088248e+04
3.941434358724168123e+04
3.957796819650562247e+04
3.974166903855253622e+04
3.990544576645259076e+04
4.006929803600477317e+04
4.023322550570590829e+04
4.039722783672011428e+04
4.056130469284868741e+04
4.072545574050049618e+04
4.088968064866276109e+04
4.105397908887224185e+04
4.121835073518694117e+04
4.138279526415812143e+04
4.154731235480275791e+04
4.171190168857644312e+04
4.187656294934661855e+04
4.204129582336617023e+04
4.220609999924754811e+04
4.237097516793702380e+04
4.253592102268955932e+04
4.270093725904385792e+04
4.286602357479782222e+04
4.303117966998439806e+04
4.319640524684770935e+04
4.336170000981951307e+04
4.352706366549604718e+04
4.369249592261518410e+04
4.385799649203378794e+04
4.402356508670558833e+04
4.418920142165920697e+04
4.435490521397648263e+04
4.452067618277122529e+04
4.468651404916807223e+04
4.485241853628183890e+04
4.501838936919698608e+04
4.518442627494739281e+04
4.535052898249649297e+04
4.551669722271760111e+04
4.568293072837446380e+04
4.584922923410219664e+04
4.601559247638838133e+04
4.618202019355438097e+04
4.634851212573704106e+04
4.651506801487044868e+04
4.668168760466812819e+04
4.684837064060529519e+04
4.701511686990143062e+04
4.718192604150310945e+04
4.734879790606695315e+04
4.751573221594288043e+04
4.768272872515757626e+04
4.784978718939811370e+04
4.801690736599583033e+04
4.818408901391041582e+04
4.835133189371418848e+04
4.851863576757653209e+04
4.868600039924862358e+04
4.885342555404823361e+04
4.902091099884485448e+04
4.918845650204489357e+04
4.935606183357709233e+04
4.952372676487817080e+04
4.969145106887860311e+04
4.985923451998856035e+04
5.002707689408406441e+04
5.019497796849330189e+04
5.036293752198306174e+04
5.053095533474542026e+04
5.069903118838455703e+04
5.086716486590362183e+04
5.103535615169197990e+04
5.120360483151239896e+04
5.137191069248852727e+04
5.154027352309248090e+04
5.170869311313251819e+04
5.187716925374098355e+04
5.204570173736230208e+04
5.221429035774111253e+04
5.238293490991064755e+04
5.255163519018110674e+04
5.272039099612826249e+04
5.288920212658217497e+04
5.305806838161601627e+04
5.322698956253509823e+04
5.339596547186593671e+04
5.356499591334543948e+04
5.373408069191037066e+04
5.390321961368674965e+04
5.407241248597943195e+04
5.424165911726189370e+04
5.441095931716606719e+04
5.458031289647221274e+04
5.474971966709905246e+04
5.491917944209395500e+04
5.508869203562319308e+04
5.525825726296235371e+04
5.542787494048685767e+04
5.559754488566256623e+04
5.576726691703649703e+04
5.593704085422765638e+04
5.610686651791798067e+04
5.627674372984333604e+04
5.644667231278463441e+04
5.661665209055910964e+04
5.678668288801158633e+04
5.695676453100593062e+04
5.712689684641654458e+04
5.729707966211996973e+04
5.746731280698658520e+04
5.763759611087242229e+04
5.780792940461094258e+04
5.797831252000512904e+04
5.814874528981947515e+04
5.831922754777205409e+04
5.848975912852685724e+04
5.866033986768605246e+04
