# f_ap
0.000000000000000000e+00
1.505101725079345705e-02
3.020671498340557828e-02
4.547101383408454905e-02
6.084776699594836302e-02
7.634075673572170151e-02
9.195369122491439673e-02
1.076902016816480012e-01
1.235538398179991254e-01
1.395480755864724753e-01
1.556762952181066362e-01
1.719417995437088342e-01
1.883478025888388474e-01
2.048974304324077678e-01
2.215937203181107262e-01
2.384396200073951588e-01
2.554379873622413255e-01
2.725915901457355295e-01
2.899031060281844763e-01
3.073751227864225943e-01
3.250101386839154838e-01
3.428105630193091780e-01
3.607787168312026616e-01
3.789168337470847914e-01
3.972270609646343376e-01
4.157114603538519804e-01
4.343720096688398202e-01
4.532106038584006735e-01
4.722290564650407640e-01
4.914291011023703692e-01
5.108123930013482861e-01
5.303805106162808869e-01
5.501349572819325129e-01
5.700771629136007768e-01
5.902084857424687581e-01
6.105302140790266341e-01
6.310435680978174755e-01
6.517497016372296725e-01
6.726497040084969958e-01
6.937446018085240418e-01
7.150353607315547144e-01
7.365228873751399341e-01
7.582080310362313558e-01
7.800915854936213423e-01
8.021742907732993810e-01
8.244568348936488489e-01
8.469398555877208912e-01
8.696239420001398157e-01
8.925096363564727353e-01
9.155974356031839623e-01
9.388877930165269170e-01
9.623811197789825522e-01
9.860777865220603511e-01
1.009978124834498336e+00
1.034082428735063841e+00
1.058390956109357628e+00
1.082903930110162394e+00
1.107621540521043890e+00
1.132543945083019477e+00
1.157671270784268458e+00
1.183003615112930396e+00
1.208541047273159474e+00
1.234283609364696055e+00
1.260231317526281591e+00
1.286384163043316375e+00
1.312742113420241274e+00
1.339305113418150617e+00
1.366073086058224861e+00
1.393045933591578134e+00
1.420223538436176547e+00
1.447605764081510538e+00
1.475192455961717775e+00
1.502983442297872951e+00
1.530978534910203415e+00
1.559177530000965595e+00
1.587580208908733415e+00
1.616186338834893599e+00
1.644995673543087289e+00
1.674007954032361134e+00
1.703222909184828771e+00
1.732640256388552791e+00
1.762259702136434791e+00
1.792080942601841365e+00
1.822103664191704553e+00
1.852327544077827737e+00
1.882752250707095065e+00
1.913377444291283203e+00
1.944202777277187266e+00
1.975227894797695116e+00
2.006452435104484344e+00
2.037876029982991888e+00
2.069498305150259565e+00
2.101318880636275477e+00
2.133337371149424122e+00
2.165553386426570359e+00
2.197966531568402271e+00
2.230576407360535196e+00
2.263382610580906285e+00
2.296384734293999585e+00
2.329582368132382619e+00
2.362975098566018506e+00
2.396562509159855026e+00
2.430344180820120936e+00
2.464319692029754982e+00
2.498488619073427675e+00
2.532850536252507112e+00
2.567405016090422709e+00
2.602151629528756782e+00
2.637089946114456129e+00
2.672219534178514877e+00
2.707539961006464768e+00
2.743050793000998855e+00
2.778751595837036348e+00
2.814641934609585672e+00
2.850721373974604234e+00
2.886989478283233268e+00
2.923445811709625808e+00
2.960089938372632901e+00
2.996921422451626515e+00
3.033939828296675856e+00
3.071144720533310224e+00
3.108535664162121126e+00
3.146112224653378586e+00
3.183873968036906366e+00
3.221820460987371959e+00
3.259951270905250276e+00
3.298265965993546711e+00
3.336764115330561165e+00
3.375445288938792032e+00
3.414309057850156481e+00
3.453354994167697534e+00
3.492582671123927618e+00
3.531991663135940929e+00
3.571581545857416717e+00
3.611351896227712022e+00
3.651302292518083803e+00
3.691432314375216794e+00
3.731741542862173411e+00
3.772229560496858092e+00
3.812895951288105767e+00
3.853740300769519234e+00
3.894762196031123391e+00
3.935961225748970449e+00
3.977336980212738737e+00
4.018889051351457908e+00
4.060617032757415146e+00
4.102520519708353852e+00
4.144599109187971031e+00
4.186852399904910982e+00
4.229279992310181591e+00
4.271881486554728546e+00
4.314656490616146201e+00
4.357604608320264639e+00
4.400725447234012933e+00
4.444018616733604432e+00
4.487483728014300510e+00
4.531120394099055204e+00
4.574928229846142003e+00
4.618906851955782322e+00
4.663055878975840507e+00
4.707374931306633314e+00
4.751863631204869876e+00
4.796521602786763872e+00
4.841348472030424510e+00
4.886343866777453471e+00
4.931507416733879268e+00
4.976838753470402388e+00
5.022337510422018703e+00
5.068003322887055795e+00
5.113835828025595553e+00
5.159834664857394948e+00
5.205999474259276560e+00
5.252329898962017296e+00
5.298825583546805440e+00
5.345486174441221650e+00
5.392311319914836254e+00
5.439300670074382893e+00
5.486453876858593759e+00
5.533770594032654699e+00
5.581250477182331693e+00
5.628893183707798897e+00
5.676698372817162941e+00
5.724665705519703884e+00
5.772794844618842625e+00
5.821085454704903128e+00
5.869537202147579791e+00
5.918149755088265351e+00
5.966922783432077715e+00
6.015855958839806839e+00
6.064948954719564966e+00
6.114201446218393343e+00
6.163613110213591817e+00
6.213183625304013802e+00
6.262912671801143638e+00
6.312799931720102009e+00
6.362845088770502144e+00
6.413047828347232304e+00
6.463407837521126353e+00
6.513924805029526865e+00
6.564598421266823358e+00
6.615428378274838650e+00
6.666414369733218770e+00
6.717556090949749148e+00
6.768853238850576659e+00
6.820305511970429890e+00
6.871912610442782565e+00
6.923674235990015191e+00
6.975590091913463020e+00
7.027659883083540393e+00
7.079883315929789589e+00
7.132260098430927009e+00
7.184789940104867156e+00
7.237472551998769710e+00
7.290307646679082154e+00
7.343294938221522017e+00
7.396434142201176343e+00
7.449724975682508799e+00
7.503167157209431615e+00
7.556760406795387297e+00
7.610504445913433003e+00
7.664398997486364884e+00
7.718443785876853980e+00
7.772638536877622073e+00
7.826982977701613997e+00
7.881476836972265865e+00
7.936119844713735105e+00
7.990911732341182017e+00
8.045852232651164115e+00
8.100941079811940781e+00
8.156178009353936886e+00
8.211562758160162900e+00
8.267095064456748688e+00
8.322774667803459536e+00
8.378601309084299231e+00
8.434574730498161088e+00
8.490694675549489645e+00
8.546960889039041831e+00
8.603373117054678332e+00
8.659931106962181602e+00
8.716634607396164469e+00
8.773483368251019598e+00
8.830477140671925795e+00
8.887615677045884510e+00
8.944898730992846936e+00
9.002326057356885514e+00
9.059897412197413402e+00
9.117612552780460788e+00
9.175471237570025806e+00
9.233473226219452101e+00
9.291618279562916527e+00
9.349906159606927503e+00
9.408336629521873107e+00
9.466909453633702398e+00
9.525624397415571210e+00
9.584481227479619392e+00
9.643479711568772927e+00
9.702619618548631308e+00
9.761900718399347809e+00
9.821322782207666080e+00
9.880885582158963842e+00
9.940588891529344551e+00
1.000043248467779300e+01
1.006041613703844284e+01
1.012053962511283878e+01
1.018080272646226980e+01
1.024120521970021791e+01
1.030174688448477127e+01
1.036242750151118308e+01
1.042324685250443927e+01
1.048420472021191685e+01
1.054530088839604218e+01
1.060653514182710921e+01
1.066790726627604080e+01
1.072941704850728328e+01
1.079106427627175613e+01
1.085284873829980334e+01
1.091477022429424615e+01
1.097682852492353334e+01
1.103902343181482237e+01
1.110135473754724522e+01
1.116382223564517773e+01
1.122642572057153032e+01
1.128916498772114885e+01
1.135203983341426870e+01
1.141505005488997426e+01
1.147819545029975785e+01
1.154147581870109995e+01
1.160489096005115250e+01
1.166844067520041150e+01
1.173212476588648912e+01
1.179594303472791417e+01
1.185989528521801439e+01
1.192398132171878267e+01
1.198820094945490844e+01
1.205255397450773103e+01
1.211704020380931723e+01
1.218165944513661003e+01
1.224641150710558257e+01
1.231129619916539575e+01
1.237631333159275826e+01
1.244146271548615523e+01
1.250674416276025092e+01
1.257215748614029316e+01
1.263770249915654986e+01
1.270337901613883602e+01
1.276918685221105143e+01
1.283512582328576990e+01
1.290119574605888708e+01
1.296739643800432518e+01
1.303372771736873048e+01
1.310018940316626868e+01
1.316678131517346095e+01
1.323350327392402548e+01
1.330035510070379701e+01
1.336733661754567493e+01
1.343444764722464768e+01
1.350168801325275858e+01
1.356905753987427410e+01
1.363655605206075450e+01
1.370418337550622212e+01
1.377193933662238479e+01
1.383982376253383784e+01
1.390783648107342785e+01
1.397597732077749200e+01
1.404424611088125907e+01
1.411264268131429134e+01
1.418116686269585358e+01
1.424981848633047932e+01
1.431859738420339490e+01
1.438750338897616210e+01
1.445653633398222482e+01
1.452569605322257473e+01
1.459498238136137793e+01
1.466439515372173652e+01
1.473393420628135253e+01
1.480359936681140631e+01
1.487339049006693337e+01
1.494330740533547441e+01
1.501334995117140458e+01
1.508351796676296175e+01
1.515381129192821241e+01
1.522422976711110820e+01
1.529477323337733452e+01
1.536544153241057487e+01
1.543623450650844475e+01
1.550715199857868676e+01
1.557819385213526253e+01
1.564935991129460646e+01
1.572065002077175677e+01
1.579206402587669267e+01
1.586360177251052050e+01
1.593526310716187133e+01
1.600704787690312969e+01
1.607895592938691465e+01
1.615098711284242938e+01
1.622314127607184275e+01
1.629541826844681296e+01
1.636781793990498812e+01
1.644034014094643226e+01
1.651298472263023953e+01
1.658575153657110590e+01
1.665864043493587232e+01
1.673165127044023848e+01
1.680478389634535219e+01
1.687803816645449118e+01
1.695141393510984074e+01
1.702491105718911868e+01
1.709852938810245249e+01
1.717226878378908239e+01
1.724612910071423499e+01
1.732011019586592937e+01
1.739421192675183647e+01
1.746843415139622735e+01
1.754277672833679702e+01
1.761723951662168730e+01
1.769182237580643147e+01
1.776652516595087405e+01
1.784134774761632514e+01
1.791628998186248722e+01
1.799135173024449941e+01
1.806653285481012361e+01
1.814183321809677096e+01
1.821725268312867030e+01
1.829279111341401176e+01
1.836844837294210109e+01
1.844422432618059560e+01
1.852011883807269754e+01
1.859613177403438655e+01
1.867226299995174799e+01
1.874851238217815208e+01
1.882487978753166757e+01
1.890136508329230480e+01
1.897796813719941511e+01
1.905468881744906540e+01
1.913152699269134871e+01
1.920848253202791867e+01
1.928555530500927517e+01
1.936274518163239833e+01
1.944005203233799506e+01
1.951747572800814723e+01
1.959501613996384606e+01
