# h
2.301592256867249133e-04
2.317223689163127698e-04
2.333214643698664642e-04
2.349564596585528432e-04
2.366272874979240097e-04
2.383338663200778999e-04
2.400761008922741189e-04
2.418538829396041237e-04
2.436670917694222038e-04
2.455155948953505066e-04
2.473992486587950866e-04
2.493178988460352931e-04
2.512713812990815697e-04
2.532595225186316974e-04
2.552821402575926628e-04
2.573390441037744355e-04
2.594300360504972784e-04
2.615549110539928772e-04
2.637134575766095787e-04
2.659054581149633729e-04
2.681306897123011024e-04
2.703889244544609399e-04
2.726799299489319974e-04
2.750034697866202593e-04
2.773593039860347748e-04
2.797471894196972703e-04
2.821668802226751658e-04
2.846181281832122997e-04
2.871006831155134683e-04
2.896142932148046997e-04
2.921587053948520034e-04
2.947336656081838975e-04
2.973389191493030744e-04
2.999742109412253141e-04
3.026392858057177430e-04
3.053338887176412254e-04
3.080577650438323027e-04
3.108106607669796121e-04
3.135923226949735142e-04
3.164024986562166035e-04
3.192409376813983338e-04
3.221073901722430093e-04
3.250016080577435885e-04
3.279233449383975449e-04
3.308723562189584775e-04
3.338483992302140250e-04
3.368512333402960777e-04
3.398806200560219675e-04
3.429363231147546901e-04
3.460181085672652782e-04
3.491257448520617996e-04
3.522590028616451687e-04
3.554176560011323917e-04
3.586014802396799502e-04
3.618102541551208927e-04
3.650437589722186314e-04
3.683017785949237459e-04
3.715840996330069214e-04
3.748905114234221225e-04
3.782208060467467849e-04
3.815747783390228747e-04
3.849522258993126394e-04
3.883529490932683976e-04
3.917767510530010253e-04
3.952234376735148285e-04
3.986928176059691717e-04
4.021847022480091300e-04
4.056989057313963140e-04
4.092352449071589324e-04
4.127935393284669807e-04
4.163736112314296665e-04
4.199752855139975388e-04
4.235983897131432316e-04
4.272427539804848581e-04
4.309082110565052009e-04
4.345945962435094332e-04
4.383017473774595521e-04
4.420295047988091232e-04
4.457777113224580326e-04
4.495462122069397324e-04
4.533348551229407259e-04
4.571434901212519304e-04
4.609719696002407153e-04
4.648201482729257417e-04
4.686878831337354325e-04
4.725750334250186473e-04
4.764814606033753808e-04
4.804070283058713424e-04
4.843516023161904653e-04
4.883150505307772785e-04
4.922972429250225927e-04
4.962980515195312059e-04
5.003173503465142922e-04
5.043550154163461020e-04
5.084109246843147335e-04
5.124849580176009129e-04
5.165769971625136210e-04
5.206869257120030599e-04
5.248146290734800141e-04
5.289599944369594974e-04
5.331229107435446219e-04
5.373032686542721570e-04
5.415009605193297527e-04
5.457158803476604408e-04
5.499479237769650366e-04
5.541969880441089498e-04
5.584629719559469543e-04
5.627457758605691708e-04
5.670453016189729240e-04
5.713614525771692565e-04
5.756941335387243163e-04
5.800432507377375688e-04
5.844087118122614968e-04
5.887904257781623532e-04
5.931883030034204498e-04
5.976022551828710653e-04
6.020321953133856482e-04
6.064780376694898448e-04
6.109396977794155333e-04
6.154170924015879476e-04
6.199101395015393272e-04
6.244187582292501761e-04
6.289428688969113000e-04
6.334823929571053221e-04
6.380372529813984608e-04
6.426073726393435447e-04
6.471926766778853760e-04
6.517930909011650795e-04
6.564085421507162826e-04
6.610389582860506322e-04
6.656842681656251681e-04
6.703444016281843955e-04
6.750192894744757579e-04
6.797088634493274502e-04
6.844130562240872701e-04
6.891318013794128609e-04
6.938650333884103074e-04
6.986126876001133882e-04
7.033747002232971970e-04
7.081510083106227690e-04
7.129415497431026332e-04
7.177462632148862024e-04
7.225650882183545960e-04
7.273979650295212072e-04
7.322448346937334611e-04
7.371056390116661160e-04
7.419803205256062135e-04
7.468688225060158030e-04
7.517710889383763398e-04
7.566870645103017509e-04
7.616166945989173449e-04
7.665599252585017509e-04
7.715167032083802834e-04
7.764869758210725522e-04
7.814706911106800071e-04
7.864677977215179692e-04
7.914782449169797908e-04
7.965019825686302148e-04
8.015389611455251166e-04
8.065891317037512291e-04
8.116524458761808667e-04
8.167288558624373083e-04
8.218183144190670470e-04
8.269207748499134841e-04
8.320361909966893579e-04
8.371645172297403166e-04
8.423057084389995279e-04
8.474597200251268204e-04
8.526265078908283439e-04
8.578060284323538219e-04
8.629982385311659766e-04
8.682030955457808227e-04
8.734205573037727606e-04
8.786505820939417583e-04
8.838931286586396933e-04
8.891481561862504346e-04
8.944156243038222558e-04
8.996954930698498670e-04
9.049877229671989117e-04
9.102922748961741204e-04
9.156091101677252654e-04
9.209381904967903773e-04
9.262794779957689555e-04
9.316329351681277779e-04
9.369985249021306343e-04
9.423762104646952369e-04
9.477659554953705859e-04
9.531677240004304526e-04
9.585814803470869925e-04
9.640071892578142964e-04
9.694448158047874091e-04
9.748943254044234799e-04
9.803556838120367541e-04
9.858288571165914685e-04
9.913138117355589380e-04
9.968105144098737391e-04
1.002318932198988230e-03
1.007839032476019010e-03
1.013370782922989877e-03
1.018914151526166068e-03
1.024469106571472207e-03
1.030035616640004141e-03
1.035613650603622090e-03
1.041203177620628369e-03
1.046804167131525120e-03
1.052416588854854446e-03
1.058040412783116824e-03
1.063675609178760424e-03
1.069322148570252609e-03
1.074980001748220395e-03
1.080649139761663763e-03
1.086329533914236851e-03
1.092021155760601776e-03
1.097723977102847519e-03
1.103437969986970383e-03
1.109163106699428622e-03
1.114899359763749749e-03
1.120646701937204424e-03
1.126405106207542138e-03
1.132174545789781323e-03
1.137954994123061047e-03
1.143746424867547566e-03
1.149548811901397261e-03
1.155362129317771174e-03
1.161186351421908099e-03
1.167021452728243857e-03
1.172867407957582826e-03
1.178724192034324341e-03
1.184591780083730063e-03
1.190470147429246008e-03
1.196359269589864459e-03
1.202259122277542919e-03
1.208169681394652547e-03
1.214090923031483846e-03
1.220022823463792023e-03
1.225965359150378142e-03
1.231918506730719266e-03
1.237882243022638516e-03
1.243856545020010024e-03
1.249841389890505748e-03
1.255836754973382397e-03
1.261842617777302186e-03
1.267858955978192620e-03
1.273885747417138805e-03
1.279922970098318260e-03
1.285970602186959581e-03
1.292028622007345773e-03
1.298097008040842307e-03
1.304175738923962031e-03
1.310264793446461315e-03
1.316364150549467196e-03
1.322473789323631854e-03
1.328593689007325895e-03
1.334723828984848981e-03
1.340864188784679284e-03
1.347014748077746777e-03
1.353175486675736684e-03
1.359346384529414378e-03
1.365527421726983040e-03
1.371718578492468624e-03
1.377919835184123051e-03
1.384131172292856881e-03
1.390352570440701267e-03
1.396584010379284648e-03
1.402825472988339806e-03
1.409076939274234988e-03
1.415338390368520638e-03
1.421609807526507578e-03
1.427891172125860583e-03
1.434182465665219267e-03
1.440483669762831131e-03
1.446794766155217989e-03
1.453115736695852591e-03
1.459446563353857147e-03
1.465787228212727658e-03
1.472137713469069730e-03
1.478498001431358035e-03
1.484868074518712897e-03
1.491247915259695089e-03
1.497637506291119285e-03
1.504036830356885726e-03
1.510445870306825105e-03
1.516864609095566448e-03
1.523293029781418433e-03
1.529731115525265672e-03
1.536178849589484724e-03
1.542636215336872039e-03
1.549103196229591846e-03
1.555579775828135319e-03
1.562065937790295790e-03
1.568561665870160876e-03
1.575066943917116527e-03
1.581581755874864091e-03
1.588106085780456459e-03
1.594639917763343529e-03
1.601183236044431560e-03
1.607736024935157689e-03
1.614298268836575736e-03
1.620869952238455664e-03
1.627451059718394754e-03
1.634041575940943297e-03
1.640641485656738107e-03
1.647250773701653586e-03
1.653869424995960168e-03
1.660497424543494688e-03
1.667134757430846145e-03
1.673781408826544937e-03
1.680437363980273342e-03
1.687102608222076222e-03
1.693777126961589722e-03
1.700460905687276470e-03
1.707153929965674445e-03
1.713856185440651696e-03
1.720567657832673637e-03
1.727288332938080101e-03
1.734018196628370851e-03
1.740757234849501719e-03
1.747505433621187459e-03
1.754262779036218920e-03
1.761029257259782597e-03
1.767804854528794069e-03
1.774589557151237283e-03
1.781383351505515548e-03
1.788186224039804272e-03
1.794998161271420169e-03
1.801819149786195243e-03
1.808649176237855103e-03
1.815488227347412682e-03
1.822336289902559562e-03
1.829193350757076821e-03
1.836059396830244357e-03
1.842934415106260411e-03
1.849818392633669970e-03
1.856711316524797080e-03
1.863613173955186051e-03
1.870523952163054586e-03
1.877443638448739530e-03
1.884372220174165618e-03
1.891309684762312046e-03
1.898256019696685981e-03
1.905211212520804094e-03
1.912175250837681471e-03
1.919148122309322253e-03
1.926129814656222855e-03
1.933120315656876916e-03
1.940119613147283728e-03
1.947127695020470532e-03
1.954144549226013734e-03
1.961170163769566845e-03
1.968204526712397096e-03
1.975247626170925294e-03
1.982299450316268516e-03
1.989359987373794710e-03
1.996429225622678612e-03
2.003507153395458085e-03
2.010593759077608251e-03
2.017689031107105634e-03
2.024792957974009232e-03
2.031905528220040273e-03
2.039026730438167623e-03
2.046156553272200553e-03
2.053294985416381953e-03
2.060442015614989339e-03
2.067597632661939775e-03
2.074761825400400859e-03
2.081934582722399976e-03
2.089115893568444828e-03
2.096305746927144831e-03
2.103504131834838583e-03
2.110711037375224367e-03
2.117926452678992825e-03
2.125150366923467000e-03
2.132382769332247154e-03
2.139623649174851247e-03
2.146872995766371892e-03
2.154130798467128113e-03
2.161397046682321434e-03
2.168671729861703246e-03
2.175954837499233501e-03
2.183246359132753715e-03
2.190546284343659542e-03
2.197854602756575074e-03
2.205171304039034094e-03
2.212496377901163047e-03
2.219829814095366192e-03
2.227171602416017689e-03
2.234521732699151515e-03
2.241880194822159188e-03
2.249246978703490964e-03
2.256622074302355729e-03
2.264005471618426961e-03
2.271397160691553466e-03
2.278797131601470981e-03
2.286205374467513776e-03
2.293621879448336232e-03
2.301046636741631377e-03
2.308479636583854640e-03
2.315920869249951056e-03
2.323370325053083357e-03
2.330827994344363517e-03
2.338293867512591679e-03
