# mu
-inf
3.409531968044315420e+01
3.562493014508892486e+01
3.652931769162765363e+01
3.717742842468299358e+01
3.768489583289435529e+01
3.810323368183761517e+01
3.845992701996655683e+01
3.877138694876111202e+01
3.904820315031618350e+01
3.929760975853558591e+01
3.952476967472630065e+01
3.973349768937174531e+01
3.992669316798215107e+01
4.010661193460128260e+01
4.027504413158861496e+01
4.043343456413161618e+01
4.058296649988437821e+01
4.072462148255399939e+01
4.085922295460618869e+01
4.098746867990988818e+01
4.110995524965326808e+01
4.122719688401225824e+01
4.133964005264631680e+01
4.144767498277128936e+01
4.155164481780867902e+01
4.165185297991506275e+01
4.174856914338316471e+01
4.184203412220760754e+01
4.193246390054886064e+01
4.202005298050912785e+01
4.210497718157488833e+01
4.218739599620387537e+01
4.226745458351781792e+01
4.234528546592635223e+01
4.242100998034803183e+01
4.249473952550222577e+01
4.256657663878858955e+01
4.263661593001236838e+01
4.270494489425601614e+01
4.277164462224496333e+01
4.283679042338339826e+01
4.290045237407561274e+01
4.296269580187070147e+01
4.302358171427235334e+01
4.308316717966481235e+01
4.314150566665971098e+01
4.319864734721961952e+01
4.325463936812496968e+01
4.330952609469207459e+01
4.336334933009753456e+01
4.341614851319945956e+01
4.346796089735323676e+01
4.351882171238672470e+01
4.356876431161666119e+01
4.361782030554674350e+01
4.366601968368079412e+01
4.371339092570738671e+01
4.375996110315926302e+01
4.380575597251913678e+01
4.385080006062936775e+01
4.389511674316385381e+01
4.393872831683435720e+01
4.398165606592847610e+01
4.402392032371053432e+01
4.406554052915936381e+01
4.410653527946635677e+01
4.414692237867266300e+01
4.418671888278544913e+01
4.422594114167819157e+01
4.426460483804974899e+01
4.430272502368949006e+01
4.434031615327178599e+01
4.437739211588175436e+01
4.441396626445490625e+01
4.445005144329633850e+01
4.448566001382983615e+01
4.452080387871362888e+01
4.455549450444712534e+01
4.458974294258214854e+01
4.462355984964209910e+01
4.465695550584362650e+01
4.468993983270736692e+01
4.472252240963695158e+01
4.475471248953892456e+01
4.478651901355033260e+01
4.481795062493523574e+01
4.484901568220652734e+01
4.487972227152502569e+01
4.491007821842364223e+01
4.494009109890089348e+01
4.496976824992444222e+01
4.499911677938250421e+01
4.502814357551791602e+01
4.505685531587729997e+01
4.508525847580516199e+01
4.511335933651089647e+01
4.514116399273437708e+01
4.516867836003420678e+01
4.519590818172095226e+01
4.522285903545611063e+01
4.524953633953618493e+01
4.527594535887992322e+01
4.530209121073555423e+01
4.532797887012375782e+01
4.535361317503105738e+01
4.537899883136734758e+01
4.540414041770044662e+01
4.542904238977969555e+01
4.545370908485990924e+01
4.547814472583617373e+01
4.550235342519948745e+01
4.552633918882256836e+01
4.555010591958442490e+01
4.557365742084216009e+01
4.559699739975749821e+01
4.562012947048543765e+01
4.564305715723183710e+01
4.566578389718645070e+01
4.568831304333734522e+01
4.571064786717258954e+01
4.573279156127458123e+01
4.575474724181201225e+01
4.577651795093447618e+01
4.579810665907412925e+01
4.581951626715877524e+01
4.584074960874043114e+01
4.586180945204333170e+01
4.588269850193475463e+01
4.590341940182248948e+01
4.592397473548194853e+01
4.594436702881612433e+01
4.596459875155139940e+01
4.598467231887184425e+01
4.600459009299486723e+01
4.602435438469057516e+01
4.604396745474727481e+01
4.606343151538544589e+01
4.608274873162231700e+01
4.610192122258908398e+01
4.612095106280271040e+01
4.613984028339427823e+01
4.615859087329556587e+01
4.617720478038554432e+01
4.619568391259844731e+01
4.621403013899495704e+01
4.623224529079796241e+01
4.625033116239414710e+01
4.626828951230305620e+01
4.628612206411455077e+01
4.630383050739617090e+01
4.632141649857128129e+01
4.633888166176946299e+01
4.635622758964976953e+01
4.637345584419829692e+01
4.639056795750072837e+01
4.640756543249091237e+01
4.642444974367634813e+01
4.644122233784138132e+01
4.645788463472899821e+01
4.647443802770191468e+01
4.649088388438375574e+01
4.650722354728103625e+01
4.652345833438661771e+01
4.653958953976525947e+01
4.655561843412196055e+01
4.657154626535369601e+01
4.658737425908501706e+01
4.660310361918821798e+01
4.661873552828848943e+01
4.663427114825463349e+01
4.664971162067583066e+01
4.666505806732487827e+01
4.668031159060836899e+01
4.669547327400437098e+01
4.671054418248778006e+01
4.672552536294401193e+01
4.674041784457119775e+01
4.675522263927146582e+01
4.676994074203143725e+01
4.678457313129251816e+01
4.679912076931114484e+01
4.681358460250934428e+01
4.682796556181600067e+01
4.684226456299898445e+01
4.685648250698859840e+01
4.687062028019242632e+01
4.688467875480199609e+01
4.689865878909147057e+01
4.691256122770857928e+01
4.692638690195805395e+01
4.694013663007783776e+01
4.695381121750818920e+01
4.696741145715400734e+01
4.698093812964049931e+01
4.699439200356241031e+01
4.700777383572706469e+01
4.702108437139132491e+01
4.703432434449265998e+01
4.704749447787453676e+01
4.706059548350630450e+01
4.707362806269766509e+01
4.708659290630792782e+01
4.709949069495026208e+01
4.711232209919091929e+01
4.712508777974377949e+01
4.713778838766022972e+01
4.715042456451447350e+01
4.716299694258453457e+01
4.717550614502896167e+01
4.718795278605934840e+01
4.720033747110894495e+01
4.721266079699722695e+01
4.722492335209072678e+01
4.723712571646014879e+01
4.724926846203388209e+01
4.726135215274800316e+01
4.727337734469286801e+01
4.728534458625640013e+01
4.729725441826415278e+01
4.730910737411620914e+01
4.732090397992102737e+01
4.733264475462635801e+01
4.734433021014716303e+01
4.735596085149081347e+01
4.736753717687949461e+01
4.737905967786992534e+01
4.739052883947049111e+01
4.740194514025582606e+01
4.741330905247892247e+01
4.742462104218081720e+01
4.743588156929797606e+01
4.744709108776733331e+01
4.745825004562910010e+01
4.746935888512745549e+01
4.748041804280904898e+01
4.749142794961947089e+01
4.750238903099771903e+01
4.751330170696867583e+01
4.752416639223362438e+01
4.753498349625901653e+01
4.754575342336330834e+01
4.755647657280201202e+01
4.756715333885111363e+01
4.757778411088870740e+01
4.758836927347495305e+01
4.759890920643054812e+01
4.760940428491348086e+01
4.761985487949432638e+01
4.763026135623003654e+01
4.764062407673621635e+01
4.765094339825802905e+01
4.766121967373969426e+01
4.767145325189255090e+01
4.768164447726190502e+01
4.769179369029245663e+01
4.770190122739254690e+01
4.771196742099712651e+01
4.772199259962947337e+01
4.773197708796181615e+01
4.774192120687468588e+01
4.775182527351524442e+01
4.776168960135441921e+01
4.777151450024300061e+01
4.778130027646669475e+01
4.779104723280007505e+01
4.780075566855961711e+01
4.781042587965563939e+01
4.782005815864340548e+01
4.782965279477313914e+01
4.783921007403921521e+01
4.784873027922844102e+01
4.785821368996738556e+01
4.786766058276890590e+01
4.787707123107782081e+01
4.788644590531571055e+01
4.789578487292498465e+01
4.790508839841206168e+01
4.791435674338987383e+01
4.792359016661951898e+01
4.793278892405124481e+01
4.794195326886465125e+01
4.795108345150822515e+01
4.796017971973812166e+01
4.796924231865633459e+01
4.797827149074814201e+01
4.798726747591892661e+01
4.799623051153032094e+01
4.800516083243578436e+01
4.801405867101550484e+01
4.802292425721076086e+01
4.803175781855760107e+01
4.804055958022004802e+01
4.804932976502269781e+01
4.805806859348271587e+01
4.806677628384137790e+01
4.807545305209499986e+01
4.808409911202542020e+01
4.809271467522989241e+01
4.810129995115053703e+01
4.810985514710326072e+01
4.811838046830628457e+01
4.812687611790801157e+01
4.813534229701467382e+01
4.814377920471733319e+01
4.815218703811851242e+01
4.816056599235844971e+01
4.816891626064077059e+01
4.817723803425791118e+01
4.818553150261600138e+01
4.819379685325945673e+01
4.820203427189504453e+01
4.821024394241568700e+01
4.821842604692381684e+01
4.822658076575437747e+01
4.823470827749743250e+01
4.824280875902047683e+01
4.825088238549031416e+01
4.825892933039467891e+01
4.826694976556341743e+01
4.827494386118944902e+01
4.828291178584930066e+01
4.829085370652337872e+01
4.829876978861592107e+01
4.830666019597459382e+01
4.831452509090988201e+01
4.832236463421404693e+01
4.833017898517994837e+01
4.833796830161943348e+01
4.834573273988154085e+01
4.835347245487038492e+01
4.836118760006280581e+01
4.836887832752569949e+01
4.837654478793311341e+01
4.838418713058312193e+01
4.839180550341437481e+01
4.839940005302245396e+01
4.840697092467598139e+01
4.841451826233246436e+01
4.842204220865390596e+01
4.842954290502223813e+01
4.843702049155444200e+01
4.844447510711749771e+01
4.845190688934314949e+01
4.845931597464236518e+01
4.846670249821966081e+01
4.847406659408718355e+01
4.848140839507858857e+01
4.848872803286274547e+01
4.849602563795721721e+01
4.850330133974155444e+01
4.851055526647039073e+01
4.851778754528637450e+01
4.852499830223288768e+01
4.853218766226662950e+01
4.853935574926995855e+01
4.854650268606309282e+01
4.855362859441618184e+01
4.856073359506109455e+01
4.856781780770318591e+01
4.857488135103277926e+01
4.858192434273655635e+01
4.858894689950876966e+01
4.859594913706227004e+01
4.860293117013946329e+01
4.860989311252302514e+01
4.861683507704648832e+01
4.862375717560477284e+01
4.863065951916443908e+01
4.863754221777386988e+01
4.864440538057335317e+01
4.865124911580494427e+01
4.865807353082223585e+01
4.866487873210001425e+01
4.867166482524375226e+01
4.867843191499900257e+01
4.868518010526060635e+01
4.869190949908190191e+01
4.869862019868366332e+01
4.870531230546301060e+01
4.871198592000219918e+01
4.871864114207725294e+01
4.872527807066651206e+01
4.873189680395906720e+01
4.873849743936307277e+01
4.874508007351394667e+01
4.875164480228250596e+01
4.875819172078293207e+01
4.876472092338065067e+01
4.877123250370018326e+01
4.877772655463277118e+01
4.878420316834401405e+01
4.879066243628133748e+01
4.879710444918140411e+01
4.880352929707740373e+01
4.880993706930625819e+01
4.881632785451580503e+01
4.882270174067171808e+01
4.882905881506452772e+01
4.883539916431644201e+01
4.884172287438811111e+01
