# rs_dv
inf
2.273672776900836912e+00
1.142035491839030525e+00
7.648820179520512408e-01
5.763491223433750976e-01
4.632641439822892671e-01
3.879028512539527962e-01
3.340977073208518111e-01
2.937649364586155665e-01
2.624135461622302268e-01
2.373489359819524469e-01
2.168563560779354638e-01
1.997926364900002860e-01
1.853663490443439310e-01
1.730121855780410722e-01
1.623155848658110467e-01
1.529656244413602206e-01
1.447245388269357280e-01
1.374073983453976688e-01
1.308682051420859693e-01
1.249901603929014782e-01
1.196787123030922939e-01
1.148565000996410179e-01
1.104596169756995455e-01
1.064348072927309707e-01
1.027373364482347257e-01
9.932935230683903605e-02
9.617861075247977065e-02
9.325747433148329213e-02
9.054211806816060693e-02
8.801189411276966190e-02
8.564881935658957834e-02
8.343715911517332606e-02
8.136308650180516799e-02
7.941440190801307697e-02
7.758030056985201761e-02
7.585117887007476745e-02
7.421847204790377184e-02
7.267451753091774824e-02
7.121243929033109488e-02
6.982604954069071557e-02
6.850976482286069702e-02
6.725853407319018484e-02
6.606777672772991272e-02
6.493332926511362346e-02
6.385139887551855020e-02
6.281852317139387243e-02
6.183153504020597740e-02
6.088753188940564109e-02
5.998384865623470480e-02
5.911803405536842498e-02
5.828782962005396584e-02
5.749115116076259496e-02
5.672607232212229650e-02
5.599080996618912426e-02
5.528371114966728478e-02
5.460324149588484388e-02
5.394797479028543008e-02
5.331658365181398546e-02
5.270783115258823731e-02
5.212056327526004562e-02
5.155370211197312508e-02
5.100623972122038385e-02
5.047723256953078053e-02
4.996579649404735840e-02
4.947110212992562178e-02
4.899237075327657343e-02
4.852887049626029153e-02
4.807991289604045260e-02
4.764484974374749021e-02
4.722307020346604850e-02
4.681399817463953450e-02
4.641708987424016802e-02
4.603183161764307779e-02
4.565773777941980333e-02
4.529434891726896034e-02
4.494123004406724159e-02
4.459796903458387168e-02
4.426417515478089926e-02
4.393947770284384324e-02
4.362352475217245312e-02
4.331598198752566881e-02
4.301653162637329025e-02
4.272487141827256002e-02
4.244071371577116947e-02
4.216378461094986291e-02
4.189382313226451549e-02
4.163058049683841799e-02
4.137381941379634359e-02
4.112331343462733574e-02
4.087884634692030145e-02
4.064021160813700850e-02
4.040721181637726284e-02
4.017965821535263160e-02
3.995737023102211016e-02
3.974017503755671032e-02
3.952790715049510351e-02
3.932040804512797194e-02
3.911752579830892612e-02
3.891911475203568144e-02
3.872503519727708843e-02
3.853515307664274331e-02
3.834933970460139424e-02
3.816747150405537525e-02
3.798942975816933798e-02
3.781510037643594224e-02
3.764437367403750817e-02
3.747714416363354117e-02
3.731331035876743474e-02
3.715277458814598283e-02
3.699544282009877699e-02
3.684122449657475928e-02
3.669003237607928319e-02
3.654178238499657116e-02
3.639639347678266107e-02
3.625378749854803878e-02
3.611388906458401493e-02
3.597662543641619998e-02
3.584192640899704074e-02
3.570972420267580494e-02
3.557995336060796460e-02
3.545255065128848776e-02
3.532745497591451705e-02
3.520460728030161413e-02
3.508395047109588022e-02
3.496542933604047942e-02
3.484899046807099499e-02
3.473458219302730937e-02
3.462215450078393042e-02
3.451165897961255141e-02
3.440304875360206127e-02
3.429627842297176821e-02
3.419130400712420276e-02
3.408808289029247041e-02
3.398657376964578369e-02
3.388673660572553287e-02
3.378853257509117913e-02
3.369192402506237388e-02
3.359687443045054900e-02
3.350334835217939206e-02
3.341131139769886599e-02
3.332073018310374724e-02
3.323157229687152131e-02
3.314380626514058098e-02
3.305740151845285718e-02
3.297232835988997413e-02
3.288855793453557275e-02
3.280606220020051977e-02
3.272481389935028018e-02
3.264478653217821325e-02
3.256595434123198823e-02
3.248829224525599801e-02
3.241177587672904731e-02
3.233638151857500670e-02
3.226208609220791029e-02
3.218886713644243669e-02
3.211670278722773830e-02
3.204557175816737102e-02
3.197545332179038691e-02
3.190632729154006114e-02
3.183817400444867440e-02
3.177097430446816639e-02
3.170470952642827356e-02
3.163936148059454806e-02
3.157491243780084084e-02
3.151134511513128955e-02
3.144864266212867021e-02
3.138678864750664432e-02
3.132576704634467551e-02
3.126556222774568017e-02
3.120615894293672296e-02
3.114754231379485844e-02
3.108969782178030647e-02
3.103261129726042969e-02
3.097626890920862977e-02
3.092065715526291433e-02
3.086576285212972240e-02
3.081157312631918610e-02
3.075807540519856498e-02
3.070525740835139406e-02
3.065310713923017141e-02
3.060161287709116731e-02
3.055076316920031509e-02
3.050054682329983793e-02
3.045095290032520663e-02
3.040197070736333843e-02
3.035358979084231204e-02
3.030579992994427568e-02
3.025859113023267669e-02
3.021195361748629446e-02
3.016587783173175011e-02
3.012035442146768563e-02
3.007537423807304586e-02
3.003092833039310711e-02
2.998700793949634832e-02
2.994360449359629792e-02
2.990070960313215634e-02
2.985831505600243865e-02
2.981641281294641899e-02
2.977499500306775293e-02
2.973405391949547963e-02
2.969358201517740756e-02
2.965357189880121064e-02
2.961401633083899851e-02
2.957490821971069106e-02
2.953624061806235310e-02
2.949800671915534661e-02
2.946019985336272365e-02
2.942281348476884564e-02
2.938584120786905118e-02
2.934927674436578135e-02
2.931311394005796378e-02
2.927734676182054338e-02
2.924196929467106840e-02
2.920697573892060139e-02
2.917236040740595407e-02
2.913811772280070975e-02
2.910424221500238287e-02
2.907072851859326956e-02
2.903757137037255021e-02
2.900476560695735770e-02
2.897230616245059440e-02
2.894018806617330158e-02
2.890840644045963165e-02
2.887695649851229271e-02
2.884583354231666161e-02
2.881503296061165009e-02
2.878455022691552359e-02
2.875438089760507313e-02
2.872452061004633281e-02
2.869496508077528166e-02
2.866571010372714196e-02
2.863675154851242494e-02
2.860808535873874889e-02
2.857970755037669841e-02
2.855161421016841686e-02
2.852380149407780785e-02
2.849626562578101707e-02
2.846900289519587596e-02
2.844200965704927683e-02
2.841528232948133462e-02
2.838881739268514157e-02
2.836261138758124425e-02
2.833666091452559724e-02
2.831096263205028218e-02
2.828551325563567753e-02
2.826030955651365542e-02
2.823534836050036259e-02
2.821062654685819321e-02
2.818614104718577748e-02
2.816188884433545175e-02
2.813786697135722825e-02
2.811407251046863648e-02
2.809050259204961750e-02
2.806715439366183618e-02
2.804402513909168976e-02
2.802111209741638825e-02
2.799841258209239542e-02
2.797592395006561969e-02
2.795364360090291794e-02
2.793156897594404817e-02
2.790969755747374492e-02
2.788802686791324453e-02
2.786655446903077427e-02
2.784527796117048856e-02
2.782419498249933537e-02
2.780330320827140850e-02
2.778260035010926207e-02
2.776208415530180204e-02
2.774175240611823426e-02
2.772160291913773611e-02
2.770163354459430696e-02
2.768184216573662051e-02
2.766222669820215044e-02
2.764278508940554158e-02
2.762351531794066811e-02
2.760441539299602828e-02
2.758548335378311830e-02
2.756671726897764671e-02
2.754811523617294380e-02
2.752967538134551070e-02
2.751139585833226389e-02
2.749327484831927057e-02
2.747531055934154809e-02
2.745750122579380947e-02
2.743984510795177689e-02
2.742234049150383060e-02
2.740498568709270541e-02
2.738777902986707161e-02
2.737071887904258746e-02
2.735380361747242681e-02
2.733703165122679593e-02
2.732040140918143636e-02
2.730391134261470759e-02
2.728755992481320114e-02
2.727134565068564317e-02
2.725526703638466927e-02
2.723932261893663789e-02
2.722351095587914951e-02
2.720783062490577872e-02
2.719228022351846338e-02
2.717685836868678068e-02
2.716156369651425914e-02
2.714639486191157414e-02
2.713135053827620338e-02
2.711642941717876121e-02
2.710163020805553269e-02
2.708695163790724933e-02
2.707239245100385994e-02
2.705795140859527242e-02
2.704362728862778203e-02
2.702941888546618251e-02
2.701532500962135902e-02
2.700134448748323091e-02
2.698747616105903052e-02
2.697371888771654680e-02
2.696007153993267014e-02
2.694653300504646493e-02
2.693310218501737685e-02
2.691977799618791925e-02
2.690655936905100507e-02
2.689344524802179601e-02
2.688043459121380874e-02
2.686752637021941337e-02
2.685471956989451958e-02
2.684201318814724221e-02
2.682940623573069894e-02
2.681689773603964169e-02
2.680448672491094961e-02
2.679217225042787240e-02
2.677995337272791668e-02
2.676782916381431274e-02
2.675579870737105140e-02
2.674386109858123417e-02
2.673201544394894838e-02
2.672026087178208664e-02
2.670859648961402058e-02
2.669702144731183821e-02
2.668553489494584000e-02
2.667413599306410130e-02
2.666282391253295067e-02
2.665159783438023761e-02
2.664045694964171929e-02
2.662940045920982740e-02
2.661842757368548806e-02
2.660753751323234953e-02
2.659672950743385139e-02
2.658600279515256973e-02
2.657535662439230312e-02
2.656479025216241033e-02
2.655430294434471192e-02
2.654389397556252903e-02
2.653356262905229995e-02
2.652330819653715005e-02
2.651312997810280001e-02
2.650302728207577091e-02
2.649299942490343507e-02
2.648304573103627338e-02
2.647316553281226989e-02
2.646335817034310700e-02
2.645362299140240764e-02
2.644395935131590991e-02
2.643436661285344935e-02
2.642484414612282853e-02
2.641539132846552548e-02
2.640600754435402236e-02
2.639669218529105618e-02
2.638744464971038567e-02
2.637826434287939351e-02
2.636915067680319080e-02
2.636010307013033488e-02
2.635112094806024360e-02
2.634220374225195588e-02
2.633335089073455745e-02
2.632456183781901882e-02
2.631583603401145555e-02
2.630717293592796727e-02
2.629857200621061458e-02
2.629003271344498502e-02
2.628155453207908082e-02
2.627313694234338984e-02
2.626477943017235459e-02
2.625648148712714583e-02
2.624824261031958109e-02
2.624006230233735110e-02
2.623194007117038429e-02
2.622387543013843247e-02
2.621586789781981189e-02
2.620791699798120586e-02
2.620002225950874772e-02
2.619218321633994678e-02
2.618439940739697436e-02
2.617667037652077200e-02
2.616899567240626653e-02
2.616137484853872305e-02
2.615380746313084037e-02
2.614629307906111977e-02
2.613883126381288252e-02
2.613142158941458501e-02
2.612406363238074097e-02
2.611675697365387419e-02
